start end rate flux
0.0 2.0 -0.017969323322176933 -3.348446601372443e-14
2.0 6.0 0.0 0.0
6.0 10.0 0.0 0.0
10.0 14.0 0.0 0.0
14.0 18.0 -0.017777692526578903 -3.312737725195275e-14
18.0 22.0 0.0 0.0
22.0 26.0 0.0 0.0
26.0 30.0 0.0 0.0
30.0 34.0 0.0 0.0
34.0 38.0 0.0 0.0
38.0 42.0 0.0 0.0
42.0 46.0 0.0 0.0
46.0 50.0 0.0 0.0
50.0 54.0 0.0 0.0
54.0 58.0 0.0 0.0
58.0 62.0 -0.04291355982422829 -7.99661579358249e-14
62.0 66.0 -0.017730439081788063 -3.303932648301977e-14
66.0 70.0 0.0 0.0
70.0 74.0 0.0 0.0
74.0 78.0 -0.03565862029790878 -6.64471326268859e-14
78.0 82.0 -0.01791480928659439 -3.3382883046426115e-14
82.0 86.0 0.0 0.0
86.0 90.0 0.0 0.0
90.0 94.0 0.0 0.0
94.0 98.0 0.0 0.0
98.0 102.0 0.0 0.0
102.0 106.0 0.0 0.0
106.0 110.0 0.0 0.0
110.0 114.0 0.0 0.0
114.0 118.0 -0.017833076417446136 -3.3230583134378e-14
118.0 122.0 0.0 0.0
122.0 126.0 0.0 0.0
126.0 130.0 0.0 0.0
130.0 134.0 -0.017759399488568306 -3.309328925802345e-14
134.0 138.0 0.0 0.0
138.0 142.0 0.0 0.0
142.0 146.0 0.0 0.0
146.0 150.0 0.0 0.0
150.0 154.0 0.0 0.0
154.0 158.0 0.0 0.0
158.0 162.0 0.0 0.0
162.0 166.0 0.0 0.0
166.0 170.0 0.0 0.0
170.0 174.0 0.0 0.0
174.0 178.0 -0.012621186673641205 -2.351862194577281e-14
178.0 182.0 0.0 0.0
182.0 186.0 0.0 0.0
186.0 190.0 0.0 0.0
190.0 194.0 -0.017787110060453415 -3.314492777461986e-14
194.0 198.0 -0.012634608894586563 -2.3543633134639336e-14
198.0 202.0 0.0 0.0
202.0 206.0 0.0 0.0
206.0 210.0 0.0 0.0
210.0 214.0 -0.017773937433958054 -3.312038075980843e-14
214.0 218.0 0.0 0.0
218.0 222.0 -0.01793980970978737 -3.34294698585251e-14
222.0 226.0 0.5481472015380859 1.0214306614061974e-12
226.0 230.0 -0.017864391207695007 -3.328893354004846e-14
230.0 234.0 0.0 0.0
234.0 238.0 0.0 0.0
238.0 242.0 0.0 0.0
242.0 246.0 0.0 0.0
246.0 250.0 0.0 0.0
250.0 254.0 0.0 0.0
254.0 258.0 0.0 0.0
258.0 262.0 0.0 0.0
262.0 266.0 0.0 0.0
266.0 270.0 0.0 0.0
270.0 274.0 0.0 0.0
274.0 278.0 0.0 0.0
278.0 282.0 0.0 0.0
282.0 286.0 0.0 0.0
286.0 290.0 0.0 0.0
290.0 294.0 0.0 0.0
294.0 298.0 0.0 0.0
298.0 302.0 -0.012636569328606129 -2.354728723477379e-14
302.0 306.0 0.0 0.0
306.0 310.0 0.0 0.0
310.0 314.0 0.0 0.0
314.0 318.0 0.0 0.0
318.0 322.0 0.0 0.0
322.0 326.0 -0.017609426751732826 -3.281382598366994e-14
326.0 330.0 0.0 0.0
330.0 334.0 0.0 0.0
334.0 338.0 -0.03593840077519417 -6.696847801778913e-14
338.0 342.0 0.0 0.0
342.0 346.0 0.0 0.0
346.0 350.0 0.0 0.0
350.0 354.0 0.0 0.0
354.0 358.0 0.0 0.0
358.0 362.0 0.0 0.0
362.0 366.0 0.0 0.0
366.0 370.0 -0.012626346200704575 -2.352823746379004e-14
370.0 374.0 0.0 0.0
374.0 378.0 0.0 0.0
378.0 382.0 0.0 0.0
382.0 386.0 0.0 0.0
386.0 390.0 0.0 0.0
390.0 394.0 0.0 0.0
394.0 398.0 0.0 0.0
398.0 402.0 0.0 0.0
402.0 406.0 -0.01263576652854681 -2.3545789680523045e-14
406.0 410.0 0.0 0.0
410.0 414.0 0.0 0.0
414.0 418.0 0.0 0.0
418.0 422.0 0.0 0.0
422.0 426.0 0.0 0.0
426.0 430.0 -0.012596763670444489 -2.3473112559582732e-14
430.0 434.0 0.0 0.0
434.0 438.0 0.0 0.0
438.0 442.0 -0.030466649681329727 -5.677228842202939e-14
442.0 446.0 -0.017783937975764275 -3.313901887277981e-14
446.0 450.0 0.0 0.0
450.0 454.0 0.0 0.0
454.0 458.0 -0.012604337185621262 -2.3487224128483988e-14
458.0 462.0 0.0 0.0
462.0 466.0 -0.012633124366402626 -2.3540866725033603e-14
466.0 470.0 0.0 0.0
470.0 474.0 -0.017751211300492287 -3.3078032500577503e-14
474.0 478.0 0.0 0.0
478.0 482.0 -0.017905045300722122 -3.336469216685088e-14
482.0 486.0 -0.017703793942928314 -3.2989673411651724e-14
486.0 490.0 0.0 0.0
490.0 494.0 0.0 0.0
494.0 498.0 0.0 0.0
498.0 502.0 0.0 0.0
502.0 506.0 0.0 0.0
506.0 510.0 -0.017826873809099197 -3.3219022828713876e-14
510.0 514.0 0.0 0.0
514.0 518.0 0.0 0.0
518.0 522.0 0.0 0.0
522.0 526.0 0.0 0.0
526.0 530.0 0.0 0.0
530.0 534.0 0.0 0.0
534.0 538.0 -0.017621872946619987 -3.2837021133897554e-14
538.0 542.0 0.0 0.0
542.0 546.0 0.0 0.0
546.0 550.0 -0.01772327348589897 -3.3025970467507465e-14
550.0 554.0 0.0 0.0
554.0 558.0 0.0 0.0
558.0 562.0 0.0 0.0
562.0 566.0 0.0 0.0
566.0 570.0 0.0 0.0
570.0 574.0 0.0 0.0
574.0 578.0 0.0 0.0
578.0 582.0 0.0 0.0
582.0 586.0 0.0 0.0
586.0 590.0 -0.012594268657267094 -2.3468462348702306e-14
590.0 594.0 0.0 0.0
594.0 598.0 0.0 0.0
598.0 602.0 -0.012606356292963028 -2.3490986648835692e-14
602.0 606.0 0.0 0.0
606.0 610.0 0.0 0.0
610.0 614.0 0.0 0.0
614.0 618.0 0.0 0.0
618.0 622.0 0.0 0.0
622.0 626.0 0.0 0.0
626.0 630.0 0.5374437570571899 1.0014855698209368e-12
630.0 634.0 0.0 0.0
634.0 638.0 0.0 0.0
638.0 642.0 0.0 0.0
642.0 646.0 0.0 0.0
646.0 650.0 -0.012647576630115509 -2.3567797290558606e-14
650.0 654.0 0.0 0.0
654.0 658.0 0.0 0.0
658.0 662.0 0.0 0.0
662.0 666.0 -0.03557271137833595 -6.628704339985483e-14
666.0 670.0 0.0 0.0
670.0 674.0 0.0 0.0
674.0 678.0 0.0 0.0
678.0 682.0 0.0 0.0
682.0 686.0 0.0 0.0
686.0 690.0 0.0 0.0
690.0 694.0 -0.017830312252044678 -3.3225433174058697e-14
694.0 698.0 0.0 0.0
698.0 702.0 0.0 0.0
702.0 706.0 0.0 0.0
706.0 710.0 0.0 0.0
710.0 714.0 0.0 0.0
714.0 718.0 0.0 0.0
718.0 722.0 0.0 0.0
722.0 726.0 0.0 0.0
726.0 730.0 0.0 0.0
730.0 734.0 -0.01776868849992752 -3.3110602611465326e-14
734.0 738.0 0.0 0.0
738.0 742.0 0.0 0.0
742.0 746.0 0.0 0.0
746.0 750.0 0.0 0.0
750.0 754.0 0.0 0.0
754.0 758.0 0.0 0.0
758.0 762.0 0.0 0.0
762.0 766.0 0.0 0.0
766.0 770.0 0.0 0.0
770.0 774.0 0.0 0.0
774.0 778.0 0.0 0.0
778.0 782.0 0.0 0.0
782.0 786.0 0.0 0.0
786.0 790.0 -0.012643041089177132 -2.3559345595810903e-14
790.0 794.0 0.0 0.0
794.0 798.0 0.0 0.0
798.0 802.0 0.0 0.0
802.0 806.0 0.0 0.0
806.0 810.0 0.0 0.0
810.0 814.0 0.0 0.0
814.0 818.0 0.0 0.0
818.0 822.0 0.0 0.0
822.0 826.0 0.0 0.0
826.0 830.0 -0.012639259919524193 -2.3552299975755642e-14
830.0 834.0 -0.01779317483305931 -3.315623058226802e-14
834.0 838.0 0.0 0.0
838.0 842.0 -0.017677683383226395 -3.2941019839161437e-14
842.0 846.0 0.5504727959632874 1.025764217489622e-12
846.0 850.0 -0.017650149762630463 -3.288971335948035e-14
850.0 854.0 0.0 0.0
854.0 858.0 0.0 0.0
858.0 862.0 0.0 0.0
862.0 866.0 -0.0178686510771513 -3.3296871932830124e-14
866.0 870.0 -0.017809955403208733 -3.318749965054886e-14
870.0 874.0 0.0 0.0
874.0 878.0 0.0 0.0
878.0 882.0 0.0 0.0
882.0 886.0 0.0 0.0
886.0 890.0 0.0 0.0
890.0 894.0 -0.012601575814187527 -2.3482079250362366e-14
894.0 898.0 0.0 0.0
898.0 902.0 0.0 0.0
902.0 906.0 0.0 0.0
906.0 910.0 -0.01780146360397339 -3.317167368696236e-14
910.0 914.0 0.0 0.0
914.0 918.0 0.0 0.0
918.0 922.0 0.0 0.0
922.0 926.0 0.0 0.0
926.0 930.0 0.0 0.0
930.0 934.0 0.0 0.0
934.0 938.0 0.0 0.0
938.0 942.0 0.0 0.0
942.0 946.0 0.0 0.0
946.0 950.0 0.0 0.0
950.0 954.0 -0.01261148601770401 -2.3500546262678404e-14
954.0 958.0 -0.017588794231414795 -3.2775380852259964e-14
958.0 962.0 -0.030412577092647552 -5.6671525382624016e-14
962.0 966.0 -0.012608088552951813 -2.349421384436473e-14
966.0 970.0 0.0 0.0
970.0 974.0 0.0 0.0
974.0 978.0 0.0 0.0
978.0 982.0 0.0 0.0
982.0 986.0 -0.017879094928503036 -3.331633336182624e-14
986.0 990.0 0.0 0.0
990.0 994.0 0.0 0.0
994.0 998.0 -0.01979413442313671 -3.688486283981787e-14
998.0 1002.0 0.0 0.0
1002.0 1006.0 0.0 0.0
1006.0 1010.0 0.4781399369239807 8.909773960286138e-13
1010.0 1014.0 0.0 0.0
1014.0 1018.0 0.0 0.0
1018.0 1022.0 0.0 0.0
1022.0 1026.0 -0.012617717497050762 -2.3512157390319366e-14
1026.0 1030.0 0.0 0.0
1030.0 1034.0 0.0 0.0
1034.0 1038.0 0.0 0.0
1038.0 1042.0 0.0 0.0
1042.0 1046.0 0.0 0.0
1046.0 1050.0 -0.012620917521417141 -2.3518120502268036e-14
1050.0 1054.0 0.0 0.0
1054.0 1058.0 0.0 0.0
1058.0 1062.0 0.0 0.0
1062.0 1066.0 0.0 0.0
1066.0 1070.0 0.0 0.0
1070.0 1074.0 -0.0178080927580595 -3.318402681546512e-14
1074.0 1078.0 0.0 0.0
1078.0 1082.0 0.0 0.0
1082.0 1086.0 -0.017813386395573616 -3.3193889667102947e-14
1086.0 1090.0 0.0 0.0
1090.0 1094.0 0.0 0.0
1094.0 1098.0 0.0 0.0
1098.0 1102.0 0.0 0.0
1102.0 1106.0 -0.019532660022377968 -3.6397625771634676e-14
1106.0 1110.0 0.0 0.0
1110.0 1114.0 0.0 0.0
1114.0 1118.0 -0.017846932634711266 -3.3256400698610314e-14
1118.0 1122.0 -0.017884833738207817 -3.3327029693884166e-14
1122.0 1126.0 0.0 0.0
1126.0 1130.0 -0.017701348289847374 -3.2985116374395496e-14
1130.0 1134.0 -0.017854969948530197 -3.327137962924956e-14
1134.0 1138.0 0.0 0.0
1138.0 1142.0 0.0 0.0
1142.0 1146.0 0.0 0.0
1146.0 1150.0 0.0 0.0
1150.0 1154.0 0.0 0.0
1154.0 1158.0 0.0 0.0
1158.0 1162.0 0.5542027354240417 1.0327146039365576e-12
1162.0 1166.0 0.0 0.0
1166.0 1170.0 0.0 0.0
1170.0 1174.0 0.0 0.0
1174.0 1178.0 0.0 0.0
1178.0 1182.0 0.0 0.0
1182.0 1186.0 0.0 0.0
1186.0 1190.0 0.0 0.0
1190.0 1194.0 -0.01772485300898552 -3.302891814216391e-14
1194.0 1198.0 0.0 0.0
1198.0 1202.0 0.0 0.0
1202.0 1206.0 -0.012631005607545376 -2.3536919551499398e-14
1206.0 1210.0 0.0 0.0
1210.0 1214.0 0.0 0.0
1214.0 1218.0 0.0 0.0
1218.0 1222.0 -0.012607020325958729 -2.3492223316938683e-14
1222.0 1226.0 0.0 0.0
1226.0 1230.0 0.0 0.0
1230.0 1234.0 0.0 0.0
1234.0 1238.0 0.0 0.0
1238.0 1242.0 -0.01784255914390087 -3.324825224165773e-14
1242.0 1246.0 0.0 0.0
1246.0 1250.0 0.0 0.0
1250.0 1254.0 0.0 0.0
1254.0 1258.0 0.0 0.0
1258.0 1262.0 0.0 0.0
1262.0 1266.0 0.0 0.0
1266.0 1270.0 -0.017702482640743256 -3.298723056863184e-14
1270.0 1274.0 0.0 0.0
1274.0 1278.0 0.0 0.0
1278.0 1282.0 0.0 0.0
1282.0 1286.0 0.0 0.0
1286.0 1290.0 0.0 0.0
1290.0 1294.0 -0.012607167474925518 -2.3492497755613594e-14
1294.0 1298.0 -0.01262169424444437 -2.3519567234541947e-14
1298.0 1302.0 0.0 0.0
1302.0 1306.0 0.0 0.0
1306.0 1310.0 0.0 0.0
1310.0 1314.0 0.0 0.0
1314.0 1318.0 0.0 0.0
1318.0 1322.0 0.0 0.0
1322.0 1326.0 -0.012628983706235886 -2.353315194895001e-14
1326.0 1330.0 0.0 0.0
1330.0 1334.0 0.0 0.0
1334.0 1338.0 0.0 0.0
1338.0 1342.0 -0.035371169447898865 -6.591148254356943e-14
1342.0 1346.0 0.0 0.0
1346.0 1350.0 0.0 0.0
1350.0 1354.0 0.0 0.0
1354.0 1358.0 0.0 0.0
1358.0 1362.0 -0.017992081120610237 -3.352687525932756e-14
1362.0 1366.0 0.0 0.0
1366.0 1370.0 0.0 0.0
1370.0 1374.0 0.0 0.0
1374.0 1378.0 0.0 0.0
1378.0 1382.0 0.0 0.0
1382.0 1386.0 0.0 0.0
1386.0 1390.0 -0.01806533895432949 -3.366338647723885e-14
1390.0 1394.0 0.0 0.0
1394.0 1398.0 0.0 0.0
1398.0 1402.0 0.0 0.0
1402.0 1406.0 0.4610186517238617 8.590732292201864e-13
1406.0 1410.0 -0.012597831897437572 -2.347510308700878e-14
1410.0 1414.0 -0.017731420695781708 -3.304115268605405e-14
1414.0 1418.0 0.0 0.0
1418.0 1422.0 0.0 0.0
1422.0 1426.0 0.0 0.0
1426.0 1430.0 0.0 0.0
1430.0 1434.0 0.0 0.0
1434.0 1438.0 0.0 0.0
1438.0 1442.0 -0.03168315440416336 -5.903914510052566e-14
1442.0 1446.0 -0.01766636222600937 -3.2919921942511227e-14
1446.0 1450.0 0.0 0.0
1450.0 1454.0 0.5553836822509766 1.0349153175062686e-12
1454.0 1458.0 0.0 0.0
1458.0 1462.0 -0.01807514764368534 -3.368166206010881e-14
1462.0 1466.0 0.0 0.0
1466.0 1470.0 0.0 0.0
1470.0 1474.0 0.5453158020973206 1.0161546083742312e-12
1474.0 1478.0 0.0 0.0
1478.0 1482.0 -0.017524832859635353 -3.2656193152185917e-14
1482.0 1486.0 0.5324885249137878 9.92251962018964e-13
1486.0 1490.0 0.0 0.0
1490.0 1494.0 0.0 0.0
1494.0 1498.0 0.0 0.0
1498.0 1502.0 0.0 0.0
1502.0 1506.0 -0.012632369063794613 -2.3539458956275267e-14
1506.0 1510.0 0.0 0.0
1510.0 1514.0 0.0 0.0
1514.0 1518.0 0.0 0.0
1518.0 1522.0 0.0 0.0
1522.0 1526.0 0.6065850853919983 1.1303252171052103e-12
1526.0 1530.0 0.0 0.0
1530.0 1534.0 -0.017712462693452835 -3.300582802402176e-14
1534.0 1538.0 0.0 0.0
1538.0 1542.0 0.47894105315208435 8.924702339999091e-13
1542.0 1546.0 0.0 0.0
1546.0 1550.0 0.0 0.0
1550.0 1554.0 0.0 0.0
1554.0 1558.0 0.0 0.0
1558.0 1562.0 0.0 0.0
1562.0 1566.0 0.0 0.0
1566.0 1570.0 0.0 0.0
1570.0 1574.0 0.0 0.0
1574.0 1578.0 0.0 0.0
1578.0 1582.0 0.0 0.0
1582.0 1586.0 0.0 0.0
1586.0 1590.0 0.0 0.0
1590.0 1594.0 0.0 0.0
1594.0 1598.0 0.0 0.0
1598.0 1602.0 0.0 0.0
1602.0 1606.0 0.0 0.0
1606.0 1610.0 0.0 0.0
1610.0 1614.0 0.0 0.0
1614.0 1618.0 0.0 0.0
1618.0 1622.0 0.0 0.0
1622.0 1626.0 0.0 0.0
1626.0 1630.0 0.0 0.0
1630.0 1634.0 0.0 0.0
1634.0 1638.0 0.0 0.0
1638.0 1642.0 0.0 0.0
1642.0 1646.0 -0.017771737650036812 -3.311628450847551e-14
1646.0 1650.0 -0.01765255071222782 -3.289418908157364e-14
1650.0 1654.0 0.0 0.0
1654.0 1658.0 0.0 0.0
1658.0 1662.0 0.5514112114906311 1.0275129271736239e-12
1662.0 1666.0 0.5531294345855713 1.0307145761889736e-12
1666.0 1670.0 0.5354300141334534 9.977331461019645e-13
1670.0 1674.0 0.0 0.0
1674.0 1678.0 0.47966793179512024 8.938247819841039e-13
1678.0 1682.0 0.0 0.0
1682.0 1686.0 0.0 0.0
1686.0 1690.0 0.0 0.0
1690.0 1694.0 -0.01773259788751602 -3.3043348195453334e-14
1694.0 1698.0 0.0 0.0
1698.0 1702.0 0.0 0.0
1702.0 1706.0 0.0 0.0
1706.0 1710.0 0.0 0.0
1710.0 1714.0 -0.030114471912384033 -5.611602762328749e-14
1714.0 1718.0 0.0 0.0
1718.0 1722.0 -0.01770443096756935 -3.299086264590967e-14
1722.0 1726.0 0.0 0.0
1726.0 1730.0 0.0 0.0
1730.0 1734.0 -0.018006112426519394 -3.35530214723434e-14
1734.0 1738.0 0.47866004705429077 8.919465643505986e-13
1738.0 1742.0 0.0 0.0
1742.0 1746.0 0.0 0.0
1746.0 1750.0 0.0 0.0
1750.0 1754.0 0.0 0.0
1754.0 1758.0 -0.03545651584863663 -6.60705214497459e-14
1758.0 1762.0 0.5399210453033447 1.0061018858309456e-12
1762.0 1766.0 0.0 0.0
1766.0 1770.0 0.0 0.0
1770.0 1774.0 0.0 0.0
1774.0 1778.0 0.0 0.0
1778.0 1782.0 0.0 0.0
1782.0 1786.0 0.0 0.0
1786.0 1790.0 0.0 0.0
1790.0 1794.0 -0.02041873149573803 -3.804875387198106e-14
1794.0 1798.0 0.0 0.0
1798.0 1802.0 0.0 0.0
1802.0 1806.0 0.0 0.0
1806.0 1810.0 0.0 0.0
1810.0 1814.0 0.0 0.0
1814.0 1818.0 0.0 0.0
1818.0 1822.0 0.0 0.0
1822.0 1826.0 0.5529025793075562 1.0302919541821387e-12
1826.0 1830.0 0.0 0.0
1830.0 1834.0 0.0 0.0
1834.0 1838.0 0.0 0.0
1838.0 1842.0 0.0 0.0
1842.0 1846.0 0.0 0.0
1846.0 1850.0 0.0 0.0
1850.0 1854.0 0.47937023639678955 8.93269995732443e-13
1854.0 1858.0 0.0 0.0
1858.0 1862.0 0.0 0.0
1862.0 1866.0 -0.017725730314850807 -3.3030551221686216e-14
1866.0 1870.0 0.0 0.0
1870.0 1874.0 0.0 0.0
1874.0 1878.0 -0.012619161047041416 -2.3514847566959846e-14
1878.0 1882.0 0.0 0.0
1882.0 1886.0 -0.017896706238389015 -3.334915080633466e-14
1886.0 1890.0 0.0 0.0
1890.0 1894.0 -0.01258865650743246 -2.3458004879935504e-14
1894.0 1898.0 0.0 0.0
1898.0 1902.0 0.0 0.0
1902.0 1906.0 0.0 0.0
1906.0 1910.0 -0.01779010333120823 -3.315050463954458e-14
1910.0 1914.0 -0.017802005633711815 -3.317268673836728e-14
1914.0 1918.0 0.0 0.0
1918.0 1922.0 0.0 0.0
1922.0 1926.0 0.0 0.0
1926.0 1930.0 0.0 0.0
1930.0 1934.0 0.4798606336116791 8.941838155335224e-13
1934.0 1938.0 0.0 0.0
1938.0 1942.0 0.0 0.0
1942.0 1946.0 -0.01257223542779684 -2.3427404967682995e-14
1946.0 1950.0 -0.04796738177537918 -8.938357188735188e-14
1950.0 1954.0 0.0 0.0
1954.0 1958.0 0.0 0.0
1958.0 1962.0 0.0 0.0
1962.0 1966.0 0.0 0.0
1966.0 1970.0 0.0 0.0
1970.0 1974.0 0.0 0.0
1974.0 1978.0 0.0 0.0
1978.0 1982.0 0.0 0.0
1982.0 1986.0 0.0 0.0
1986.0 1990.0 -0.017728889361023903 -3.303643640660374e-14
1990.0 1994.0 -0.04306323081254959 -8.024506216843322e-14
1994.0 1998.0 0.0 0.0
1998.0 2002.0 0.0 0.0
2002.0 2006.0 0.0 0.0
2006.0 2010.0 -0.01780908927321434 -3.318588689981729e-14
2010.0 2014.0 0.0 0.0
2014.0 2018.0 0.0 0.0
2018.0 2022.0 0.0 0.0
2022.0 2026.0 0.0 0.0
2026.0 2030.0 -0.017889810726046562 -3.333629962245892e-14
2030.0 2034.0 0.0 0.0
2034.0 2038.0 0.0 0.0
2038.0 2042.0 0.0 0.0
2042.0 2046.0 0.0 0.0
2046.0 2050.0 0.0 0.0
2050.0 2054.0 0.0 0.0
2054.0 2058.0 0.0 0.0
2058.0 2062.0 0.0 0.0
2062.0 2066.0 0.541163980960846 1.0084179585118092e-12
2066.0 2070.0 0.4797064960002899 8.93896610378031e-13
2070.0 2074.0 0.0 0.0
2074.0 2078.0 0.0 0.0
2078.0 2082.0 0.5469216108322144 1.0191467895298567e-12
2082.0 2086.0 0.0 0.0
2086.0 2090.0 0.0 0.0
2090.0 2094.0 0.0 0.0
2094.0 2098.0 0.0 0.0
2098.0 2102.0 0.0 0.0
2102.0 2106.0 -0.017823193222284317 -3.3212165249972905e-14
2106.0 2110.0 0.5904541611671448 1.1002663623943532e-12
2110.0 2114.0 -0.04962452873587608 -9.247153552865289e-14
2114.0 2118.0 0.0 0.0
2118.0 2122.0 0.0 0.0
2122.0 2126.0 -0.01793184131383896 -3.341462306502563e-14
2126.0 2130.0 0.0 0.0
2130.0 2134.0 0.0 0.0
2134.0 2138.0 0.0 0.0
2138.0 2142.0 -0.017745444551110268 -3.306728534654274e-14
2142.0 2146.0 -0.017790865153074265 -3.315192426676418e-14
2146.0 2150.0 0.0 0.0
2150.0 2154.0 0.0 0.0
2154.0 2158.0 0.0 0.0
2158.0 2162.0 0.0 0.0
2162.0 2166.0 0.0 0.0
2166.0 2170.0 0.0 0.0
2170.0 2174.0 0.0 0.0
2174.0 2178.0 -0.017687521874904633 -3.295935302027181e-14
2178.0 2182.0 0.0 0.0
2182.0 2186.0 -0.012598268687725067 -2.3475916238638143e-14
2186.0 2190.0 0.0 0.0
2190.0 2194.0 0.0 0.0
2194.0 2198.0 0.5353847146034241 9.976486867527279e-13
2198.0 2202.0 0.0 0.0
2202.0 2206.0 0.0 0.0
2206.0 2210.0 -0.017679044976830482 -3.294355416173962e-14
2210.0 2214.0 0.0 0.0
2214.0 2218.0 -0.012617086991667747 -2.3510981708588577e-14
2218.0 2222.0 -0.017636889591813087 -3.2865003714343047e-14
2222.0 2226.0 0.0 0.0
2226.0 2230.0 0.0 0.0
2230.0 2234.0 0.0 0.0
2234.0 2238.0 0.0 0.0
2238.0 2242.0 0.0 0.0
2242.0 2246.0 0.0 0.0
2246.0 2250.0 0.0 0.0
2250.0 2254.0 0.0 0.0
2254.0 2258.0 0.0 0.0
2258.0 2262.0 0.0 0.0
2262.0 2266.0 0.0 0.0
2266.0 2270.0 0.0 0.0
2270.0 2274.0 0.0 0.0
2274.0 2278.0 0.0 0.0
2278.0 2282.0 0.0 0.0
2282.0 2286.0 0.5473834276199341 1.0200074292143757e-12
2286.0 2290.0 0.0 0.0
2290.0 2294.0 1.098956823348999 2.0478226319536885e-12
2294.0 2298.0 0.0 0.0
2298.0 2302.0 0.0 0.0
2302.0 2306.0 0.0 0.0
2306.0 2310.0 0.0 0.0
2310.0 2314.0 0.0 0.0
2314.0 2318.0 0.0 0.0
2318.0 2322.0 0.0 0.0
2322.0 2326.0 0.0 0.0
2326.0 2330.0 0.0 0.0
2330.0 2334.0 0.0 0.0
2334.0 2338.0 0.0 0.0
2338.0 2342.0 0.0 0.0
2342.0 2346.0 -0.012656162492930889 -2.3583796048866346e-14
2346.0 2350.0 0.0 0.0
2350.0 2354.0 0.0 0.0
2354.0 2358.0 0.0 0.0
2358.0 2362.0 0.0 0.0
2362.0 2366.0 -0.01779545284807682 -3.316047252326787e-14
2366.0 2370.0 -0.030231276527047157 -5.633368798567753e-14
2370.0 2374.0 0.0 0.0
2374.0 2378.0 0.0 0.0
2378.0 2382.0 -0.012645859271287918 -2.356459720008388e-14
2382.0 2386.0 -0.017898626625537872 -3.335273206163565e-14
2386.0 2390.0 0.0 0.0
2390.0 2394.0 0.0 0.0
2394.0 2398.0 0.0 0.0
2398.0 2402.0 0.0 0.0
2402.0 2406.0 -0.04789892956614494 -8.925601550175896e-14
2406.0 2410.0 0.0 0.0
2410.0 2414.0 0.0 0.0
2414.0 2418.0 0.0 0.0
2418.0 2422.0 0.0 0.0
2422.0 2426.0 -0.030336681753396988 -5.653010137361865e-14
2426.0 2430.0 0.0 0.0
2430.0 2434.0 0.0 0.0
2434.0 2438.0 0.0 0.0
2438.0 2442.0 -0.012642917223274708 -2.355911520284925e-14
2442.0 2446.0 0.0 0.0
2446.0 2450.0 -0.017757000401616096 -3.3088820312193734e-14
2450.0 2454.0 0.0 0.0
2454.0 2458.0 0.0 0.0
2458.0 2462.0 0.0 0.0
2462.0 2466.0 0.0 0.0
2466.0 2470.0 0.0 0.0
2470.0 2474.0 0.0 0.0
2474.0 2478.0 0.0 0.0
2478.0 2482.0 -0.017841549590229988 -3.324637182851482e-14
2482.0 2486.0 0.0 0.0
2486.0 2490.0 -0.01945664919912815 -3.62559883103266e-14
2490.0 2494.0 0.0 0.0
2494.0 2498.0 0.0 0.0
2498.0 2502.0 0.0 0.0
2502.0 2506.0 0.0 0.0
2506.0 2510.0 0.0 0.0
2510.0 2514.0 -0.03542720898985863 -6.601591154157052e-14
2514.0 2518.0 0.0 0.0
2518.0 2522.0 0.0 0.0
2522.0 2526.0 0.0 0.0
2526.0 2530.0 0.0 0.0
2530.0 2534.0 0.0 0.0
2534.0 2538.0 0.0 0.0
2538.0 2542.0 0.0 0.0
2542.0 2546.0 0.0 0.0
2546.0 2550.0 0.0 0.0
2550.0 2554.0 0.0 0.0
2554.0 2558.0 -0.017600862309336662 -3.279787127107546e-14
2558.0 2562.0 0.0 0.0
2562.0 2566.0 0.0 0.0
2566.0 2570.0 0.0 0.0
2570.0 2574.0 0.0 0.0
2574.0 2578.0 0.0 0.0
2578.0 2582.0 -0.017874840646982193 -3.330840513343994e-14
2582.0 2586.0 0.0 0.0
2586.0 2590.0 0.0 0.0
2590.0 2594.0 0.0 0.0
2594.0 2598.0 -0.017834607511758804 -3.3233435941344355e-14
2598.0 2602.0 0.0 0.0
2602.0 2606.0 0.0 0.0
2606.0 2610.0 -0.04296422749757767 -8.006057161625765e-14
2610.0 2614.0 0.0 0.0
2614.0 2618.0 0.0 0.0
2618.0 2622.0 -0.01766892895102501 -3.292470598459732e-14
2622.0 2626.0 0.0 0.0
2626.0 2630.0 0.549651026725769 1.0242328903412035e-12
2630.0 2634.0 0.0 0.0
2634.0 2638.0 0.0 0.0
2638.0 2642.0 -0.03563680872321129 -6.640648182168127e-14
2642.0 2646.0 0.0 0.0
2646.0 2650.0 0.0 0.0
2650.0 2654.0 0.0 0.0
2654.0 2658.0 0.0 0.0
2658.0 2662.0 -0.01780986599624157 -3.31873336320912e-14
2662.0 2666.0 0.0 0.0
2666.0 2670.0 0.0 0.0
2670.0 2674.0 0.0 0.0
2674.0 2678.0 0.0 0.0
2678.0 2682.0 0.0 0.0
2682.0 2686.0 0.0 0.0
2686.0 2690.0 0.0 0.0
2690.0 2694.0 0.0 0.0
2694.0 2698.0 0.0 0.0
2698.0 2702.0 0.0 0.0
2702.0 2706.0 0.0 0.0
2706.0 2710.0 -0.012627114541828632 -2.35296689494709e-14
2710.0 2714.0 -0.017668232321739197 -3.2923408330122125e-14
2714.0 2718.0 0.0 0.0
2718.0 2722.0 0.0 0.0
2722.0 2726.0 0.0 0.0
2726.0 2730.0 0.0 0.0
2730.0 2734.0 0.0 0.0
2734.0 2738.0 0.0 0.0
2738.0 2742.0 0.0 0.0
2742.0 2746.0 0.0 0.0
2746.0 2750.0 0.0 0.0
2750.0 2754.0 0.0 0.0
2754.0 2758.0 0.0 0.0
2758.0 2762.0 0.0 0.0
2762.0 2766.0 0.0 0.0
2766.0 2770.0 -0.012590758502483368 -2.3461921560283608e-14
2770.0 2774.0 0.0 0.0
2774.0 2778.0 0.0 0.0
2778.0 2782.0 0.0 0.0
2782.0 2786.0 -0.017759311944246292 -3.3093126627697575e-14
2786.0 2790.0 -0.01756681129336357 -3.2734418338930746e-14
2790.0 2794.0 0.0 0.0
2794.0 2798.0 0.0 0.0
2798.0 2802.0 0.0 0.0
2802.0 2806.0 0.5501192808151245 1.0251054562496198e-12
2806.0 2810.0 0.0 0.0
2810.0 2814.0 0.0 0.0
2814.0 2818.0 0.0 0.0
2818.0 2822.0 0.0 0.0
2822.0 2826.0 0.0 0.0
2826.0 2830.0 0.0 0.0
2830.0 2834.0 0.0 0.0
2834.0 2838.0 -0.018433887511491776 -3.435014723834548e-14
2838.0 2842.0 -0.012621925212442875 -2.3519997527279152e-14
2842.0 2846.0 0.0 0.0
2846.0 2850.0 0.0 0.0
2850.0 2854.0 -0.017740514129400253 -3.3058100121262715e-14
2854.0 2858.0 0.0 0.0
2858.0 2862.0 0.0 0.0
2862.0 2866.0 -0.012643708847463131 -2.3560590734243367e-14
2866.0 2870.0 0.0 0.0
2870.0 2874.0 0.0 0.0
2874.0 2878.0 0.0 0.0
2878.0 2882.0 0.0 0.0
2882.0 2886.0 0.0 0.0
2886.0 2890.0 -0.012629001401364803 -2.3533184136202007e-14
2890.0 2894.0 0.0 0.0
2894.0 2898.0 -0.017924409359693527 -3.3400775770403915e-14
2898.0 2902.0 0.0 0.0
2902.0 2906.0 0.0 0.0
2906.0 2910.0 0.0 0.0
2910.0 2914.0 -0.017780203372240067 -3.313205626195338e-14
2914.0 2918.0 0.0 0.0
2918.0 2922.0 0.0 0.0
2922.0 2926.0 -0.012583950534462929 -2.3449234700799633e-14
2926.0 2930.0 0.0 0.0
2930.0 2934.0 0.0 0.0
2934.0 2938.0 0.0 0.0
2938.0 2942.0 0.0 0.0
2942.0 2946.0 0.0 0.0
2946.0 2950.0 0.0 0.0
2950.0 2954.0 0.0 0.0
2954.0 2958.0 0.0 0.0
2958.0 2962.0 0.0 0.0
2962.0 2966.0 0.0 0.0
2966.0 2970.0 0.0 0.0
2970.0 2974.0 0.0 0.0
2974.0 2978.0 0.0 0.0
2978.0 2982.0 0.0 0.0
2982.0 2986.0 0.0 0.0
2986.0 2990.0 0.0 0.0
2990.0 2994.0 0.0 0.0
2994.0 2998.0 -0.01791694015264511 -3.3386853936882843e-14
2998.0 3002.0 0.0 0.0
3002.0 3006.0 0.0 0.0
3006.0 3010.0 0.0 0.0
3010.0 3014.0 0.0 0.0
3014.0 3018.0 0.0 0.0
3018.0 3022.0 0.0 0.0
3022.0 3026.0 0.0 0.0
3026.0 3030.0 0.0 0.0
3030.0 3034.0 0.0 0.0
3034.0 3038.0 0.0 0.0
3038.0 3042.0 0.0 0.0
3042.0 3046.0 0.0 0.0
3046.0 3050.0 0.0 0.0
3050.0 3054.0 0.0 0.0
3054.0 3058.0 0.0 0.0
3058.0 3062.0 0.0 0.0
3062.0 3066.0 -0.012653959915041924 -2.3579693021269846e-14
3066.0 3070.0 0.0 0.0
3070.0 3074.0 0.0 0.0
3074.0 3078.0 -0.017610393464565277 -3.28156284697817e-14
3078.0 3082.0 0.0 0.0
3082.0 3086.0 0.0 0.0
3086.0 3090.0 0.0 0.0
3090.0 3094.0 0.0 0.0
3094.0 3098.0 0.0 0.0
3098.0 3102.0 -0.018029017373919487 -3.359570176848965e-14
3102.0 3106.0 0.0 0.0
3106.0 3110.0 0.0 0.0
3110.0 3114.0 0.0 0.0
3114.0 3118.0 0.0 0.0
3118.0 3122.0 0.0 0.0
3122.0 3126.0 0.0 0.0
3126.0 3130.0 0.0 0.0
3130.0 3134.0 0.0 0.0
3134.0 3138.0 0.0 0.0
3138.0 3142.0 0.0 0.0
3142.0 3146.0 0.0 0.0
3146.0 3150.0 0.4610564410686493 8.591435939411807e-13
3150.0 3154.0 -0.01937996968626976 -3.611310062838838e-14
3154.0 3158.0 -0.017865696921944618 -3.329136621867297e-14
3158.0 3162.0 0.0 0.0
3162.0 3166.0 -0.01258299220353365 -2.344744915534682e-14
3166.0 3170.0 0.0 0.0
3170.0 3174.0 -0.017791002988815308 -3.3152181764780145e-14
3174.0 3178.0 0.0 0.0
3178.0 3182.0 0.0 0.0
3182.0 3186.0 0.0 0.0
3186.0 3190.0 0.0 0.0
3190.0 3194.0 0.0 0.0
3194.0 3198.0 0.0 0.0
3198.0 3202.0 0.0 0.0
3202.0 3206.0 0.0 0.0
3206.0 3210.0 0.0 0.0
3210.0 3214.0 -0.030202258378267288 -5.627961679045661e-14
3214.0 3218.0 -0.012604392133653164 -2.3487327466503553e-14
3218.0 3222.0 0.0 0.0
3222.0 3226.0 -0.01767759583890438 -3.2940853820703775e-14
3226.0 3230.0 0.0 0.0
3230.0 3234.0 0.0 0.0
3234.0 3238.0 0.0 0.0
3238.0 3242.0 0.0 0.0
3242.0 3246.0 0.5505085587501526 1.0258307875030126e-12
3246.0 3250.0 0.0 0.0
3250.0 3254.0 0.0 0.0
3254.0 3258.0 0.0 0.0
3258.0 3262.0 0.0 0.0
3262.0 3266.0 -0.012631382793188095 -2.3537620894779725e-14
3266.0 3270.0 -0.03567386418581009 -6.647553872380502e-14
3270.0 3274.0 0.0 0.0
3274.0 3278.0 0.4804318845272064 8.952482852264687e-13
3278.0 3282.0 -0.01777600683271885 -3.312423645378433e-14
3282.0 3286.0 0.0 0.0
3286.0 3290.0 0.0 0.0
3290.0 3294.0 -0.012614689767360687 -2.3506514456824758e-14
3294.0 3298.0 -0.01755518466234207 -3.271275123613998e-14
3298.0 3302.0 -0.017805250361561775 -3.3178731165478884e-14
3302.0 3306.0 0.0 0.0
3306.0 3310.0 0.0 0.0
3310.0 3314.0 -0.01790565624833107 -3.336583057913199e-14
3314.0 3318.0 -0.01774529740214348 -3.306701429599962e-14
3318.0 3322.0 0.0 0.0
3322.0 3326.0 0.0 0.0
3326.0 3330.0 0.0 0.0
3330.0 3334.0 0.0 0.0
3334.0 3338.0 0.0 0.0
3338.0 3342.0 0.0 0.0
3342.0 3346.0 0.0 0.0
3346.0 3350.0 0.0 0.0
3350.0 3354.0 -0.01262651477009058 -2.3528550865980526e-14
3354.0 3358.0 0.0 0.0
3358.0 3362.0 0.0 0.0
3362.0 3366.0 -0.03884298354387283 -7.238094401184475e-14
3366.0 3370.0 0.0 0.0
3370.0 3374.0 0.0 0.0
3374.0 3378.0 0.0 0.0
3378.0 3382.0 0.0 0.0
3382.0 3386.0 0.0 0.0
3386.0 3390.0 0.0 0.0
3390.0 3394.0 -0.03586573526263237 -6.683306794270927e-14
3394.0 3398.0 0.0 0.0
3398.0 3402.0 0.0 0.0
3402.0 3406.0 0.0 0.0
3406.0 3410.0 -0.017670679837465286 -3.292796875551014e-14
3410.0 3414.0 0.0 0.0
3414.0 3418.0 0.0 0.0
3418.0 3422.0 -0.01774195209145546 -3.306078013350783e-14
3422.0 3426.0 0.0 0.0
3426.0 3430.0 -0.017599409446120262 -3.2795160765644246e-14
3430.0 3434.0 0.0 0.0
3434.0 3438.0 0.0 0.0
3438.0 3442.0 -0.03530791029334068 -6.579360943862952e-14
3442.0 3446.0 -0.012606799602508545 -2.3491813352992212e-14
3446.0 3450.0 0.0 0.0
3450.0 3454.0 -0.01761411875486374 -3.2822570751817395e-14
3454.0 3458.0 0.0 0.0
3458.0 3462.0 0.0 0.0
3462.0 3466.0 0.4789378046989441 8.924642166778518e-13
3466.0 3470.0 0.0 0.0
3470.0 3474.0 0.0 0.0
3474.0 3478.0 -0.01765444129705429 -3.289770935050243e-14
3478.0 3482.0 0.0 0.0
3482.0 3486.0 -0.017665646970272064 -3.291859040671814e-14
3486.0 3490.0 0.0 0.0
3490.0 3494.0 0.0 0.0
3494.0 3498.0 0.0 0.0
3498.0 3502.0 -0.017886951565742493 -3.333097347928658e-14
3502.0 3506.0 0.0 0.0
3506.0 3510.0 0.0 0.0
3510.0 3514.0 0.0 0.0
3514.0 3518.0 0.0 0.0
3518.0 3522.0 0.0 0.0
3522.0 3526.0 0.0 0.0
3526.0 3530.0 -0.017614644020795822 -3.282354992190442e-14
3530.0 3534.0 0.0 0.0
3534.0 3538.0 0.0 0.0
3538.0 3542.0 -0.01770707406103611 -3.29957889895309e-14
3542.0 3546.0 0.0 0.0
3546.0 3550.0 0.0 0.0
3550.0 3554.0 0.0 0.0
3554.0 3558.0 0.0 0.0
3558.0 3562.0 -0.0175954420119524 -3.278776786208061e-14
3562.0 3566.0 0.0 0.0
3566.0 3570.0 -0.017905326560139656 -3.336521732727818e-14
3570.0 3574.0 0.0 0.0
3574.0 3578.0 -0.017788028344511986 -3.314663878117331e-14
3578.0 3582.0 -0.017723580822348595 -3.30265464499116e-14
3582.0 3586.0 0.0 0.0
3586.0 3590.0 0.0 0.0
3590.0 3594.0 0.0 0.0
3594.0 3598.0 0.0 0.0
3598.0 3602.0 0.0 0.0
3602.0 3606.0 0.0 0.0
3606.0 3610.0 0.0 0.0
3610.0 3614.0 -0.012599182315170765 -2.3477618774862125e-14
3614.0 3618.0 0.0 0.0
3618.0 3622.0 0.0 0.0
3622.0 3626.0 0.0 0.0
3626.0 3630.0 -0.0177469365298748 -3.3070067002741524e-14
3630.0 3634.0 -0.01261902041733265 -2.3514584986746197e-14
3634.0 3638.0 -0.017829660326242447 -3.322421683474644e-14
3638.0 3642.0 -0.017717303708195686 -3.301485061897591e-14
3642.0 3646.0 0.0 0.0
3646.0 3650.0 -0.012625404633581638 -2.3526480717457436e-14
3650.0 3654.0 0.0 0.0
3654.0 3658.0 0.0 0.0
3658.0 3662.0 0.0 0.0
3662.0 3666.0 0.0 0.0
3666.0 3670.0 0.0 0.0
3670.0 3674.0 0.0 0.0
3674.0 3678.0 0.0 0.0
3678.0 3682.0 0.0 0.0
3682.0 3686.0 0.0 0.0
3686.0 3690.0 0.0 0.0
3690.0 3694.0 0.0 0.0
3694.0 3698.0 -0.012648866511881351 -2.3570201170062914e-14
3698.0 3702.0 0.0 0.0
3702.0 3706.0 0.0 0.0
3706.0 3710.0 0.0 0.0
3710.0 3714.0 0.0 0.0
3714.0 3718.0 0.0 0.0
3718.0 3722.0 -0.012612464837729931 -2.3502369077580895e-14
3722.0 3726.0 0.0 0.0
3726.0 3730.0 0.0 0.0
3730.0 3734.0 0.0 0.0
3734.0 3738.0 0.0 0.0
3738.0 3742.0 0.0 0.0
3742.0 3746.0 0.0 0.0
3746.0 3750.0 0.0 0.0
3750.0 3754.0 0.4800819754600525 8.945962460399359e-13
3754.0 3758.0 0.0 0.0
3758.0 3762.0 0.0 0.0
3762.0 3766.0 0.0 0.0
3766.0 3770.0 -0.03542786464095116 -6.601713126901457e-14
3770.0 3774.0 0.0 0.0
3774.0 3778.0 -0.017692074179649353 -3.296783690227151e-14
3778.0 3782.0 0.0 0.0
3782.0 3786.0 0.0 0.0
3786.0 3790.0 0.0 0.0
3790.0 3794.0 -0.012688327580690384 -2.3643733794279954e-14
3794.0 3798.0 0.0 0.0
3798.0 3802.0 0.0 0.0
3802.0 3806.0 0.0 0.0
3806.0 3810.0 0.0 0.0
3810.0 3814.0 -0.01975761353969574 -3.681681221283546e-14
3814.0 3818.0 0.0 0.0
3818.0 3822.0 0.0 0.0
3822.0 3826.0 0.0 0.0
3826.0 3830.0 0.0 0.0
3830.0 3834.0 0.0 0.0
3834.0 3838.0 -0.04814939945936203 -8.972274420822324e-14
3838.0 3842.0 0.0 0.0
3842.0 3846.0 0.0 0.0
3846.0 3850.0 0.0 0.0
3850.0 3854.0 -0.01261537242680788 -2.3507788394377428e-14
3854.0 3858.0 0.0 0.0
3858.0 3862.0 0.0 0.0
3862.0 3866.0 0.0 0.0
3866.0 3870.0 0.0 0.0
3870.0 3874.0 0.0 0.0
3874.0 3878.0 0.0 0.0
3878.0 3882.0 0.0 0.0
3882.0 3886.0 -0.01780848577618599 -3.3184758651931545e-14
3886.0 3890.0 0.0 0.0
3890.0 3894.0 0.0 0.0
3894.0 3898.0 0.0 0.0
3898.0 3902.0 0.0 0.0
3902.0 3906.0 0.0 0.0
3906.0 3910.0 -0.017805783078074455 -3.3179723888093066e-14
3910.0 3914.0 0.0 0.0
3914.0 3918.0 0.0 0.0
3918.0 3922.0 -0.0177190862596035 -3.301817098812915e-14
3922.0 3926.0 -0.017677227035164833 -3.2940169418082393e-14
3926.0 3930.0 0.0 0.0
3930.0 3934.0 -0.017617003992199898 -3.2827947716966566e-14
3934.0 3938.0 0.0 0.0
3938.0 3942.0 0.0 0.0
3942.0 3946.0 0.0 0.0
3946.0 3950.0 0.0 0.0
3950.0 3954.0 0.0 0.0
3954.0 3958.0 0.0 0.0
3958.0 3962.0 0.0 0.0
3962.0 3966.0 0.0 0.0
3966.0 3970.0 0.0 0.0
3970.0 3974.0 0.0 0.0
3974.0 3978.0 0.0 0.0
3978.0 3982.0 0.0 0.0
3982.0 3986.0 0.0 0.0
3986.0 3990.0 0.0 0.0
3990.0 3994.0 0.0 0.0
3994.0 3998.0 0.0 0.0
3998.0 4002.0 0.0 0.0
4002.0 4006.0 0.0 0.0
4006.0 4010.0 0.0 0.0
4010.0 4014.0 -0.03551018610596657 -6.617053232389411e-14
4014.0 4018.0 0.0 0.0
4018.0 4022.0 -0.012614858336746693 -2.3506829553081136e-14
4022.0 4026.0 0.0 0.0
4026.0 4030.0 0.0 0.0
4030.0 4034.0 -0.0125795379281044 -2.3441013399013583e-14
4034.0 4038.0 0.0 0.0
4038.0 4042.0 0.0 0.0
4042.0 4046.0 0.0 0.0
4046.0 4050.0 0.0 0.0
4050.0 4054.0 0.0 0.0
4054.0 4058.0 0.0 0.0
4058.0 4062.0 0.0 0.0
4062.0 4066.0 0.0 0.0
4066.0 4070.0 0.0 0.0
4070.0 4074.0 0.0 0.0
4074.0 4078.0 0.0 0.0
4078.0 4082.0 0.0 0.0
4082.0 4086.0 0.0 0.0
4086.0 4090.0 0.0 0.0
4090.0 4094.0 0.0 0.0
4094.0 4098.0 -0.03522162884473801 -6.56328290327135e-14
4098.0 4102.0 0.0 0.0
4102.0 4106.0 -0.012624472379684448 -2.3524744299915565e-14
4106.0 4110.0 0.0 0.0
4110.0 4114.0 0.0 0.0
4114.0 4118.0 0.0 0.0
4118.0 4122.0 0.5443059802055359 1.0142728670836654e-12
4122.0 4126.0 0.5528894662857056 1.0302675596332578e-12
4126.0 4130.0 0.0 0.0
4130.0 4134.0 -0.012603966519236565 -2.348653294959903e-14
4134.0 4138.0 0.0 0.0
4138.0 4142.0 0.0 0.0
4142.0 4146.0 0.0 0.0
4146.0 4150.0 0.0 0.0
4150.0 4154.0 -0.017708130180835724 -3.299775410596853e-14
4154.0 4158.0 0.0 0.0
4158.0 4162.0 0.0 0.0
4162.0 4166.0 0.0 0.0
4166.0 4170.0 0.0 0.0
4170.0 4174.0 0.0 0.0
4174.0 4178.0 -0.012655160389840603 -2.3581929188250597e-14
4178.0 4182.0 0.0 0.0
4182.0 4186.0 0.0 0.0
4186.0 4190.0 0.0 0.0
4190.0 4194.0 -0.012621238827705383 -2.3518720201594692e-14
4194.0 4198.0 0.0 0.0
4198.0 4202.0 0.0 0.0
4202.0 4206.0 0.0 0.0
4206.0 4210.0 0.0 0.0
4210.0 4214.0 0.0 0.0
4214.0 4218.0 0.0 0.0
4218.0 4222.0 0.0 0.0
4222.0 4226.0 0.0 0.0
4226.0 4230.0 0.0 0.0
4230.0 4234.0 -0.01260419562458992 -2.3486959854204445e-14
4234.0 4238.0 0.0 0.0
4238.0 4242.0 0.0 0.0
4242.0 4246.0 0.0 0.0
4246.0 4250.0 0.0 0.0
4250.0 4254.0 -0.017901644110679626 -3.335835297227363e-14
4254.0 4258.0 0.0 0.0
4258.0 4262.0 0.0 0.0
4262.0 4266.0 0.0 0.0
4266.0 4270.0 0.0 0.0
4270.0 4274.0 0.0 0.0
4274.0 4278.0 0.0 0.0
4278.0 4282.0 0.0 0.0
4282.0 4286.0 0.0 0.0
4286.0 4290.0 0.0 0.0
4290.0 4294.0 0.0 0.0
4294.0 4298.0 0.0 0.0
4298.0 4302.0 0.0 0.0
4302.0 4306.0 0.0 0.0
4306.0 4310.0 0.0 0.0
4310.0 4314.0 0.0 0.0
4314.0 4318.0 0.0 0.0
4318.0 4322.0 -0.0196372177451849 -3.65924636782939e-14
4322.0 4326.0 0.0 0.0
4326.0 4330.0 0.0 0.0
4330.0 4334.0 -0.017832361161708832 -3.322925159858492e-14
4334.0 4338.0 -0.018075240775942802 -3.3681838242961837e-14
4338.0 4342.0 0.0 0.0
4342.0 4346.0 0.0 0.0
4346.0 4350.0 0.0 0.0
4350.0 4354.0 0.0 0.0
4354.0 4358.0 0.0 0.0
4358.0 4362.0 -0.012612409889698029 -2.3502267433627225e-14
4362.0 4366.0 0.0 0.0
4366.0 4370.0 0.0 0.0
4370.0 4374.0 -0.01776491291821003 -3.310356546173954e-14
4374.0 4378.0 -0.017724724486470222 -3.302867758480689e-14
4378.0 4382.0 0.0 0.0
4382.0 4386.0 -0.01768455281853676 -3.2953820201060344e-14
4386.0 4390.0 -0.02521500550210476 -4.6986245731857335e-14
4390.0 4394.0 0.0 0.0
4394.0 4398.0 0.0 0.0
4398.0 4402.0 -0.017605282366275787 -3.280610443132277e-14
4402.0 4406.0 0.0 0.0
4406.0 4410.0 0.0 0.0
4410.0 4414.0 0.0 0.0
4414.0 4418.0 -0.03028816729784012 -5.6439695853092303e-14
4418.0 4422.0 0.0 0.0
4422.0 4426.0 -0.012632116675376892 -2.3538988005956593e-14
4426.0 4430.0 -0.017520559951663017 -3.2648231042481726e-14
4430.0 4434.0 0.0 0.0
4434.0 4438.0 0.0 0.0
4438.0 4442.0 0.0 0.0
4442.0 4446.0 -0.017607199028134346 -3.2809675522228396e-14
4446.0 4450.0 -0.012598310597240925 -2.347599416566929e-14
4450.0 4454.0 -0.017595449462532997 -3.2787781414607767e-14
4454.0 4458.0 0.0 0.0
4458.0 4462.0 0.0 0.0
4462.0 4466.0 0.0 0.0
4466.0 4470.0 0.0 0.0
4470.0 4474.0 0.0 0.0
4474.0 4478.0 0.0 0.0
4478.0 4482.0 -0.017824683338403702 -3.32149435180399e-14
4482.0 4486.0 0.0 0.0
4486.0 4490.0 0.0 0.0
4490.0 4494.0 0.5566950440406799 1.0373588923626165e-12
4494.0 4498.0 0.0 0.0
4498.0 4502.0 -0.017740149050951004 -3.305741910677312e-14
4502.0 4506.0 -0.012632927857339382 -2.354050080680039e-14
4506.0 4510.0 0.0 0.0
4510.0 4514.0 0.0 0.0
4514.0 4518.0 -0.012614229694008827 -2.3505657259482136e-14
4518.0 4522.0 0.0 0.0
4522.0 4526.0 0.0 0.0
4526.0 4530.0 0.0 0.0
4530.0 4534.0 0.0 0.0
4534.0 4538.0 0.0 0.0
4538.0 4542.0 -0.012636810541152954 -2.3547736162235836e-14
4542.0 4546.0 0.0 0.0
4546.0 4550.0 0.0 0.0
4550.0 4554.0 0.0 0.0
4554.0 4558.0 0.0 0.0
4558.0 4562.0 0.0 0.0
4562.0 4566.0 -0.012646904215216637 -2.3566545375862565e-14
4566.0 4570.0 0.0 0.0
4570.0 4574.0 0.0 0.0
4574.0 4578.0 0.0 0.0
4578.0 4582.0 0.0 0.0
4582.0 4586.0 -0.01763206347823143 -3.2856008224443206e-14
4586.0 4590.0 0.0 0.0
4590.0 4594.0 0.0 0.0
4594.0 4598.0 0.0 0.0
4598.0 4602.0 0.0 0.0
4602.0 4606.0 0.0 0.0
4606.0 4610.0 0.0 0.0
4610.0 4614.0 0.0 0.0
4614.0 4618.0 -0.03525051847100258 -6.568665967057741e-14
4618.0 4622.0 0.0 0.0
4622.0 4626.0 0.0 0.0
4626.0 4630.0 0.0 0.0
4630.0 4634.0 0.0 0.0
4634.0 4638.0 0.0 0.0
4638.0 4642.0 0.0 0.0
4642.0 4646.0 0.0 0.0
4646.0 4650.0 0.0 0.0
4650.0 4654.0 0.0 0.0
4654.0 4658.0 0.0 0.0
4658.0 4662.0 0.0 0.0
4662.0 4666.0 0.0 0.0
4666.0 4670.0 0.0 0.0
4670.0 4674.0 0.0 0.0
4674.0 4678.0 0.0 0.0
4678.0 4682.0 0.0 0.0
4682.0 4686.0 0.0 0.0
4686.0 4690.0 0.0 0.0
4690.0 4694.0 0.0 0.0
4694.0 4698.0 0.0 0.0
4698.0 4702.0 0.0 0.0
4702.0 4706.0 0.0 0.0
4706.0 4710.0 0.0 0.0
4710.0 4714.0 0.0 0.0
4714.0 4718.0 0.0 0.0
4718.0 4722.0 0.0 0.0
4722.0 4726.0 0.0 0.0
4726.0 4730.0 -0.04788115248084068 -8.922288634912595e-14
4730.0 4734.0 0.0 0.0
4734.0 4738.0 -0.012639188207685947 -2.3552166144549976e-14
4738.0 4742.0 0.0 0.0
4742.0 4746.0 -0.017858486622571945 -3.327793227612952e-14
4746.0 4750.0 -0.019446324557065964 -3.623674710989677e-14
4750.0 4754.0 0.0 0.0
4754.0 4758.0 -0.017831511795520782 -3.322766934103945e-14
4758.0 4762.0 0.0 0.0
4762.0 4766.0 0.0 0.0
4766.0 4770.0 0.0 0.0
4770.0 4774.0 0.0 0.0
4774.0 4778.0 -0.017811693251132965 -3.319073531640737e-14
4778.0 4782.0 -0.025184519588947296 -4.692943692615088e-14
4782.0 4786.0 0.0 0.0
4786.0 4790.0 0.0 0.0
4790.0 4794.0 0.0 0.0
4794.0 4798.0 0.0 0.0
4798.0 4802.0 0.0 0.0
4802.0 4806.0 0.0 0.0
4806.0 4810.0 0.0 0.0
4810.0 4814.0 0.0 0.0
4814.0 4818.0 0.0 0.0
4818.0 4822.0 0.0 0.0
4822.0 4826.0 0.0 0.0
4826.0 4830.0 0.0 0.0
4830.0 4834.0 -0.030338523909449577 -5.6533530162989135e-14
4834.0 4838.0 0.0 0.0
4838.0 4842.0 0.0 0.0
4842.0 4846.0 -0.01777040958404541 -3.3113807784137736e-14
4846.0 4850.0 0.0 0.0
4850.0 4854.0 0.0 0.0
4854.0 4858.0 0.0 0.0
4858.0 4862.0 0.0 0.0
4862.0 4866.0 0.0 0.0
4866.0 4870.0 -0.01768152043223381 -3.294817218536805e-14
4870.0 4874.0 0.0 0.0
4874.0 4878.0 0.0 0.0
4878.0 4882.0 0.0 0.0
4882.0 4886.0 0.0 0.0
4886.0 4890.0 0.0 0.0
4890.0 4894.0 0.0 0.0
4894.0 4898.0 0.0 0.0
4898.0 4902.0 0.4799913167953491 8.944272731313541e-13
4902.0 4906.0 -0.012646093964576721 -2.3565034269084663e-14
4906.0 4910.0 0.0 0.0
4910.0 4914.0 0.0 0.0
4914.0 4918.0 0.0 0.0
4918.0 4922.0 0.0 0.0
4922.0 4926.0 0.0 0.0
4926.0 4930.0 0.0 0.0
4930.0 4934.0 0.0 0.0
4934.0 4938.0 0.0 0.0
4938.0 4942.0 0.0 0.0
4942.0 4946.0 0.0 0.0
4946.0 4950.0 -0.030381446704268456 -5.6613513790132464e-14
4950.0 4954.0 0.0 0.0
4954.0 4958.0 -0.017840057611465454 -3.324359017231604e-14
4958.0 4962.0 0.0 0.0
4962.0 4966.0 0.0 0.0
4966.0 4970.0 0.0 0.0
4970.0 4974.0 0.0 0.0
4974.0 4978.0 -0.030117765069007874 -5.612216691808919e-14
4978.0 4982.0 0.0 0.0
4982.0 4986.0 -0.012670540250837803 -2.3610587700988e-14
4986.0 4990.0 0.0 0.0
4990.0 4994.0 0.0 0.0
4994.0 4998.0 0.0 0.0
