start end rate flux
0.0 2.0 0.6309325098991394 6.910854267322408e-13
2.0 6.0 -0.07633104920387268 -8.36084267140727e-14
6.0 10.0 -0.052174150943756104 -5.714841848445534e-14
10.0 14.0 0.0 0.0
14.0 18.0 -0.02899545431137085 -3.1759869663664994e-14
18.0 22.0 -0.027671610936522484 -3.0309813632469623e-14
22.0 26.0 -0.05315354838967323 -5.822119587654828e-14
26.0 30.0 0.0 0.0
30.0 34.0 0.0 0.0
34.0 38.0 -0.024116821587085724 -2.6416111594158853e-14
38.0 42.0 -0.026030804961919785 -2.851257234872187e-14
42.0 46.0 -0.05341191217303276 -5.850418619609415e-14
46.0 50.0 -0.10537568479776382 -1.1542217106131486e-13
50.0 54.0 0.0 0.0
54.0 58.0 -0.1091725304722786 -1.1958100796464338e-13
58.0 62.0 -0.026962166652083397 -2.953273205413137e-14
62.0 66.0 0.0 0.0
66.0 70.0 -0.10276737809181213 -1.1256518314033473e-13
70.0 74.0 0.0 0.0
74.0 78.0 -0.024183468893170357 -2.6489112281685018e-14
78.0 82.0 -0.05181380733847618 -5.6753721459825573e-14
82.0 86.0 -0.027441544458270073 -3.005781455439789e-14
86.0 90.0 -0.053294550627470016 -5.837564047601884e-14
90.0 94.0 -0.02617606148123741 -2.867167901753412e-14
94.0 98.0 -0.054642319679260254 -5.985190370660226e-14
98.0 102.0 0.0 0.0
102.0 106.0 0.0 0.0
106.0 110.0 0.0 0.0
110.0 114.0 -0.05595533177256584 -6.12900911121407e-14
114.0 118.0 -0.02615329623222351 -2.864674236756695e-14
118.0 122.0 0.0 0.0
122.0 126.0 -0.02614905871450901 -2.864210401514779e-14
126.0 130.0 -0.026113366708159447 -2.860300836243432e-14
130.0 134.0 -0.04991043359041214 -5.4668878609167096e-14
134.0 138.0 -0.026063403114676476 -2.854827986964632e-14
138.0 142.0 0.0 0.0
142.0 146.0 -0.0269323643296957 -2.950008740434419e-14
146.0 150.0 -0.026849303394556046 -2.94091092895455e-14
150.0 154.0 0.0 0.0
154.0 158.0 -0.02925792522728443 -3.204736619849026e-14
158.0 162.0 0.0 0.0
162.0 166.0 0.0 0.0
166.0 170.0 0.0 0.0
170.0 174.0 -0.0257479939609766 -2.8202798847383817e-14
174.0 178.0 0.5561469197273254 6.091697784225969e-13
178.0 182.0 0.0 0.0
182.0 186.0 0.0 0.0
186.0 190.0 0.0 0.0
190.0 194.0 0.0 0.0
194.0 198.0 0.0 0.0
198.0 202.0 0.0 0.0
202.0 206.0 0.0 0.0
206.0 210.0 -0.025847552344202995 -2.831185095121102e-14
210.0 214.0 -0.026573674753308296 -2.9107199642089757e-14
214.0 218.0 0.0 0.0
218.0 222.0 -0.07826438546180725 -8.572608362110781e-14
222.0 226.0 0.0 0.0
226.0 230.0 -0.02736281044781208 -2.997156965970846e-14
230.0 234.0 -0.10964123904705048 -1.2009439124584242e-13
234.0 238.0 0.0 0.0
238.0 242.0 -0.024175813421607018 -2.6480728349573095e-14
242.0 246.0 -0.07887149602174759 -8.63910790236018e-14
246.0 250.0 0.0 0.0
250.0 254.0 -0.029918432235717773 -3.277084753192626e-14
254.0 258.0 -0.027251750230789185 -2.9849925564087373e-14
258.0 262.0 0.0 0.0
262.0 266.0 0.0 0.0
266.0 270.0 -0.05227910354733467 -5.72633777960567e-14
270.0 274.0 0.0 0.0
274.0 278.0 -0.026946227997541428 -2.9515273011022566e-14
278.0 282.0 0.0 0.0
282.0 286.0 0.0 0.0
286.0 290.0 0.0 0.0
290.0 294.0 -0.026065591722726822 -2.855067866695295e-14
294.0 298.0 -0.026805497705936432 -2.936112656714944e-14
298.0 302.0 0.0 0.0
302.0 306.0 0.0 0.0
306.0 310.0 0.0 0.0
310.0 314.0 -0.024164993315935135 -2.6468876664575113e-14
314.0 318.0 0.0 0.0
318.0 322.0 0.0 0.0
322.0 326.0 0.0 0.0
326.0 330.0 0.0 0.0
330.0 334.0 -0.0539945513010025 -5.914237469987343e-14
334.0 338.0 -0.028013024479150772 -3.0683778678682397e-14
338.0 342.0 0.0 0.0
342.0 346.0 0.0 0.0
346.0 350.0 -0.05729246139526367 -6.275470594563348e-14
350.0 354.0 0.0 0.0
354.0 358.0 0.0 0.0
358.0 362.0 0.0 0.0
362.0 366.0 0.0 0.0
366.0 370.0 0.0 0.0
370.0 374.0 -0.05339891090989113 -5.84899492663167e-14
374.0 378.0 -0.051695842295885086 -5.6624508277787824e-14
378.0 382.0 -0.052521996200084686 -5.752942745665748e-14
382.0 386.0 -0.05035107582807541 -5.515153153503975e-14
386.0 390.0 -0.10558325052261353 -1.1564952825688507e-13
390.0 394.0 -0.07827293127775192 -8.573544841737266e-14
394.0 398.0 -0.056119125336408615 -6.146950624289632e-14
398.0 402.0 -0.053813353180885315 -5.894390471593638e-14
402.0 406.0 0.0 0.0
406.0 410.0 0.0 0.0
410.0 414.0 -0.07794858515262604 -8.538017569423989e-14
414.0 418.0 0.0 0.0
418.0 422.0 -0.05453434959053993 -5.973363757837483e-14
422.0 426.0 -0.027219435200095177 -2.981452636315572e-14
426.0 430.0 -0.025753730908036232 -2.8209083831852444e-14
430.0 434.0 0.0 0.0
434.0 438.0 -0.027232186868786812 -2.982849563052184e-14
438.0 442.0 0.0 0.0
442.0 446.0 -0.05255324766039848 -5.756365436399014e-14
446.0 450.0 0.0 0.0
450.0 454.0 0.0 0.0
454.0 458.0 -0.054719049483537674 -5.993594970376062e-14
458.0 462.0 -0.026374176144599915 -2.888868208235709e-14
462.0 466.0 0.7431321740150452 8.139821824383608e-13
466.0 470.0 -0.07675258815288544 -8.407015453801639e-14
470.0 474.0 0.0 0.0
474.0 478.0 -0.02741670049726963 -3.0030597691736716e-14
478.0 482.0 -0.054644811898469925 -5.985462776456063e-14
482.0 486.0 -0.05308300629258156 -5.814392614296796e-14
486.0 490.0 -0.07751016318798065 -8.489996222325533e-14
490.0 494.0 -0.0537462942302227 -5.887045001875049e-14
494.0 498.0 0.0 0.0
498.0 502.0 0.0 0.0
502.0 506.0 -0.05176251381635666 -5.66975360703683e-14
506.0 510.0 0.0 0.0
510.0 514.0 0.0 0.0
514.0 518.0 0.0 0.0
518.0 522.0 0.0 0.0
522.0 526.0 0.0 0.0
526.0 530.0 0.0 0.0
530.0 534.0 -0.026339439675211906 -2.885063336236643e-14
534.0 538.0 -0.027123214676976204 -2.970913513572655e-14
538.0 542.0 -0.028939658775925636 -3.16987545424547e-14
542.0 546.0 -0.026865744963288307 -2.942711721000413e-14
546.0 550.0 0.0 0.0
550.0 554.0 0.7148547768592834 7.830088031950122e-13
554.0 558.0 -0.025919854640960693 -2.8391046837713402e-14
558.0 562.0 0.0 0.0
562.0 566.0 0.0 0.0
566.0 570.0 -0.025339629501104355 -2.775550277079545e-14
570.0 574.0 -0.0523410402238369 -5.733122174699998e-14
574.0 578.0 0.0 0.0
578.0 582.0 -0.0506221279501915 -5.544842335931596e-14
582.0 586.0 -0.02699432522058487 -2.9567958460341784e-14
586.0 590.0 0.0 0.0
590.0 594.0 0.0 0.0
594.0 598.0 0.0 0.0
598.0 602.0 -0.02812652662396431 -3.0808099398416805e-14
602.0 606.0 -0.07921858131885529 -8.677126129164742e-14
606.0 610.0 -0.05334017053246498 -5.842560864364327e-14
610.0 614.0 0.0 0.0
614.0 618.0 0.0 0.0
618.0 622.0 0.0 0.0
622.0 626.0 -0.05309358984231949 -5.81555135536864e-14
626.0 630.0 0.0 0.0
630.0 634.0 0.0 0.0
634.0 638.0 0.0 0.0
638.0 642.0 0.0 0.0
642.0 646.0 0.0 0.0
646.0 650.0 0.0 0.0
650.0 654.0 -0.02667764574289322 -2.92210815277822e-14
654.0 658.0 -0.05311116948723793 -5.817477169477517e-14
658.0 662.0 0.0 0.0
662.0 666.0 -0.026858685538172722 -2.941938549326159e-14
666.0 670.0 -0.02624666877090931 -2.8749016513750225e-14
670.0 674.0 0.0 0.0
674.0 678.0 0.0 0.0
678.0 682.0 0.0 0.0
682.0 686.0 -0.026515088975429535 -2.904302842600577e-14
686.0 690.0 0.0 0.0
690.0 694.0 0.0 0.0
694.0 698.0 0.0 0.0
698.0 702.0 -0.026713982224464417 -2.926088530003958e-14
702.0 706.0 0.0 0.0
706.0 710.0 0.0 0.0
710.0 714.0 -0.02583114057779312 -2.8293873523938494e-14
714.0 718.0 0.0 0.0
718.0 722.0 0.0 0.0
722.0 726.0 0.0 0.0
726.0 730.0 0.0 0.0
730.0 734.0 -0.025987684726715088 -2.846534517971476e-14
734.0 738.0 0.0 0.0
738.0 742.0 -0.02669268101453781 -2.9237554624540404e-14
742.0 746.0 0.0 0.0
746.0 750.0 0.0 0.0
750.0 754.0 -0.026080695912241936 -2.856721952634693e-14
754.0 758.0 -0.02629568800330162 -2.880271162634257e-14
758.0 762.0 0.0 0.0
762.0 766.0 0.0 0.0
766.0 770.0 0.0 0.0
770.0 774.0 0.0 0.0
774.0 778.0 0.0 0.0
778.0 782.0 0.0 0.0
782.0 786.0 0.0 0.0
786.0 790.0 0.0 0.0
790.0 794.0 0.0 0.0
794.0 798.0 0.0 0.0
798.0 802.0 0.0 0.0
802.0 806.0 0.5849552154541016 6.407246695011581e-13
806.0 810.0 0.0 0.0
810.0 814.0 -0.02638261392712593 -2.889792490587753e-14
814.0 818.0 -0.026609603315591812 -2.914655279281919e-14
818.0 822.0 -0.026245078071951866 -2.874727501401067e-14
822.0 826.0 0.0 0.0
826.0 830.0 0.0 0.0
830.0 834.0 0.0 0.0
834.0 838.0 -0.02603691630065441 -2.851926729713697e-14
838.0 842.0 -0.026192795485258102 -2.86900088105127e-14
842.0 846.0 0.0 0.0
846.0 850.0 -0.026098957285284996 -2.8587223056429287e-14
850.0 854.0 0.0 0.0
854.0 858.0 0.0 0.0
858.0 862.0 -0.025966331362724304 -2.8441953517843385e-14
862.0 866.0 0.7001148462295532 7.668635691737702e-13
866.0 870.0 -0.026544595137238503 -2.9075347815141206e-14
870.0 874.0 -0.05074471980333328 -5.558270179837829e-14
874.0 878.0 0.0 0.0
878.0 882.0 0.0 0.0
882.0 886.0 -0.02646808512508869 -2.8991542375339865e-14
886.0 890.0 -0.02794993296265602 -3.061467095458181e-14
890.0 894.0 -0.026833340525627136 -2.9391623141382384e-14
894.0 898.0 0.0 0.0
898.0 902.0 0.0 0.0
902.0 906.0 0.0 0.0
906.0 910.0 -0.02771388739347458 -3.035611922963012e-14
910.0 914.0 -0.026027988642454147 -2.8509489148793865e-14
914.0 918.0 0.0 0.0
918.0 922.0 -0.02409227192401886 -2.6389219992149424e-14
922.0 926.0 0.0 0.0
926.0 930.0 0.0 0.0
930.0 934.0 -0.02415609546005726 -2.6459130703484005e-14
934.0 938.0 0.0 0.0
938.0 942.0 -0.027229784056544304 -2.9825863052121773e-14
942.0 946.0 -0.024138035252690315 -2.6439347401967933e-14
946.0 950.0 -0.0555754117667675 -6.087395398955003e-14
950.0 954.0 -0.02670767530798912 -2.925397689932177e-14
954.0 958.0 -0.026727046817541122 -2.9275193380584597e-14
958.0 962.0 0.0 0.0
962.0 966.0 0.5576229095458984 6.107864864920987e-13
966.0 970.0 0.0 0.0
970.0 974.0 -0.026236893609166145 -2.873831001729693e-14
974.0 978.0 0.0 0.0
978.0 982.0 -0.05097954720258713 -5.58399219875369e-14
982.0 986.0 -0.026184605434536934 -2.8681037037535384e-14
986.0 990.0 0.0 0.0
990.0 994.0 -0.027269992977380753 -2.986990537724721e-14
994.0 998.0 -0.02872825413942337 -3.14671994515979e-14
998.0 1002.0 -0.05749339610338211 -6.297479898664804e-14
1002.0 1006.0 0.0 0.0
1006.0 1010.0 0.0 0.0
1010.0 1014.0 -0.08006501197814941 -8.76983828981305e-14
1014.0 1018.0 0.6399787068367004 7.009940588068031e-13
1018.0 1022.0 0.0 0.0
1022.0 1026.0 -0.05081455409526825 -5.565919903791072e-14
1026.0 1030.0 0.0 0.0
1030.0 1034.0 0.788469672203064 8.636421113851489e-13
1034.0 1038.0 0.0 0.0
1038.0 1042.0 0.0 0.0
1042.0 1046.0 0.7233530282974243 7.923172751569951e-13
1046.0 1050.0 -0.027410198003053665 -3.002347922684799e-14
1050.0 1054.0 0.0 0.0
1054.0 1058.0 0.0 0.0
1058.0 1062.0 0.0 0.0
1062.0 1066.0 -0.05397823825478554 -5.912450569281816e-14
1066.0 1070.0 -0.026994748041033745 -2.956841924626509e-14
1070.0 1074.0 0.0 0.0
1074.0 1078.0 -0.027621153742074966 -3.0254546426727175e-14
1078.0 1082.0 -0.026724742725491524 -2.927267261053357e-14
1082.0 1086.0 -0.02417931519448757 -2.6484563714758262e-14
1086.0 1090.0 0.0 0.0
1090.0 1094.0 -0.06039777398109436 -6.615607855368216e-14
1094.0 1098.0 0.5578607320785522 6.110470202741469e-13
1098.0 1102.0 0.0 0.0
1102.0 1106.0 0.0 0.0
1106.0 1110.0 -0.05417441204190254 -5.933938101087763e-14
1110.0 1114.0 -0.05443990230560303 -5.963019113859255e-14
1114.0 1118.0 -0.02675013244152069 -2.930048239625782e-14
1118.0 1122.0 0.0 0.0
1122.0 1126.0 0.0 0.0
1126.0 1130.0 -0.0241348035633564 -2.6435808498314305e-14
1130.0 1134.0 0.0 0.0
1134.0 1138.0 0.0 0.0
1138.0 1142.0 -0.027315642684698105 -2.9919907426189524e-14
1142.0 1146.0 -0.07939793169498444 -8.696770517277463e-14
1146.0 1150.0 0.0 0.0
1150.0 1154.0 0.0 0.0
1154.0 1158.0 0.0 0.0
1158.0 1162.0 0.0 0.0
1162.0 1166.0 -0.026684876531362534 -2.9229006368036714e-14
1166.0 1170.0 0.0 0.0
1170.0 1174.0 0.6840299963951111 7.492452296607721e-13
1174.0 1178.0 0.0 0.0
1178.0 1182.0 -0.05221134051680565 -5.718915060482291e-14
1182.0 1186.0 -0.024167876690626144 -2.6472034403402477e-14
1186.0 1190.0 0.0 0.0
1190.0 1194.0 -0.024233806878328323 -2.6544252432485378e-14
1194.0 1198.0 0.5329726338386536 5.837861118997145e-13
1198.0 1202.0 0.0 0.0
1202.0 1206.0 0.0 0.0
1206.0 1210.0 -0.026598166674375534 -2.9134026869595195e-14
1210.0 1214.0 -0.02726738341152668 -2.9867049182149066e-14
1214.0 1218.0 -0.028380729258060455 -3.108653945697003e-14
1218.0 1222.0 0.0 0.0
1222.0 1226.0 0.0 0.0
1226.0 1230.0 -0.051515426486730576 -5.642689210306161e-14
1230.0 1234.0 0.0 0.0
1234.0 1238.0 -0.05206604301929474 -5.703000327842919e-14
1238.0 1242.0 0.0 0.0
1242.0 1246.0 -0.02640339359641075 -2.892068637523615e-14
1246.0 1250.0 0.0 0.0
1250.0 1254.0 0.0 0.0
1254.0 1258.0 0.0 0.0
1258.0 1262.0 -0.02780161239206791 -3.045221003529844e-14
1262.0 1266.0 0.0 0.0
1266.0 1270.0 0.7022306323051453 7.69181051317458e-13
1270.0 1274.0 0.0 0.0
1274.0 1278.0 -0.053509924560785294 -5.861154253996095e-14
1278.0 1282.0 0.7147695422172546 7.829154533879612e-13
1282.0 1286.0 -0.05567024275660515 -6.097782733393772e-14
1286.0 1290.0 -0.027608200907707214 -3.024035693079477e-14
1290.0 1294.0 -0.026755793020129204 -2.9306679289299933e-14
1294.0 1298.0 -0.024170758202672005 -2.647518875409805e-14
1298.0 1302.0 0.0 0.0
1302.0 1306.0 0.0 0.0
1306.0 1310.0 -0.027935873717069626 -3.059926850746894e-14
1310.0 1314.0 0.0 0.0
1314.0 1318.0 -0.0276249498128891 -3.02587036644323e-14
1318.0 1322.0 -0.05426301062107086 -5.943643065784224e-14
1322.0 1326.0 -0.08276893943548203 -9.066010474897274e-14
1326.0 1330.0 -0.0273621566593647 -2.9970854763900975e-14
1330.0 1334.0 -0.10673963278532028 -1.1691616099741842e-13
1334.0 1338.0 -0.028674189001321793 -3.140797829605767e-14
1338.0 1342.0 -0.026700342074036598 -2.924594363885001e-14
1342.0 1346.0 0.0 0.0
1346.0 1350.0 -0.08183038979768753 -8.963207102528556e-14
1350.0 1354.0 -0.05417899787425995 -5.934440222218895e-14
1354.0 1358.0 -0.05453040450811386 -5.972931432221204e-14
1358.0 1362.0 0.0 0.0
1362.0 1366.0 -0.05296061560511589 -5.800986454434012e-14
1366.0 1370.0 0.0 0.0
1370.0 1374.0 0.0 0.0
1374.0 1378.0 -0.02554400824010372 -2.7979366802491183e-14
1378.0 1382.0 -0.0751844048500061 -8.235246658867476e-14
1382.0 1386.0 -0.026952145621180534 -2.9521754507134956e-14
1386.0 1390.0 -0.026737848296761513 -2.9287028124923634e-14
1390.0 1394.0 0.0 0.0
1394.0 1398.0 -0.04831948131322861 -5.2926243845462934e-14
1398.0 1402.0 0.0 0.0
1402.0 1406.0 0.0 0.0
1406.0 1410.0 0.0 0.0
1410.0 1414.0 -0.07670943439006805 -8.402288332329602e-14
1414.0 1418.0 -0.025819389149546623 -2.8281003705337912e-14
1418.0 1422.0 -0.050772182643413544 -5.5612788408664765e-14
1422.0 1426.0 -0.08453727513551712 -9.259703193011809e-14
1426.0 1430.0 -0.05244884267449379 -5.744929813984723e-14
1430.0 1434.0 -0.053842440247535706 -5.897575993101672e-14
1434.0 1438.0 -0.0816059559583664 -8.938624173520163e-14
1438.0 1442.0 -0.05367124453186989 -5.878824038902178e-14
1442.0 1446.0 0.0 0.0
1446.0 1450.0 -0.07824800908565521 -8.570814685141676e-14
1450.0 1454.0 0.7169764041900635 7.853326821315176e-13
1454.0 1458.0 -0.1379680335521698 -1.5112185862507094e-13
1458.0 1462.0 -0.029729757457971573 -3.2564181657191577e-14
1462.0 1466.0 0.7381027936935425 8.084732427797447e-13
1466.0 1470.0 -0.028597820550203323 -3.132432871031862e-14
1470.0 1474.0 -0.05499846860766411 -6.024200642452612e-14
1474.0 1478.0 -0.029509492218494415 -3.232291956875924e-14
1478.0 1482.0 -0.05447773635387421 -5.967162799037223e-14
1482.0 1486.0 -0.0821603536605835 -8.999349659574718e-14
1486.0 1490.0 -0.10382608324289322 -1.137248254552345e-13
1490.0 1494.0 -0.02415514551103115 -2.6458090547024776e-14
1494.0 1498.0 -0.027777720242738724 -3.042604010536007e-14
1498.0 1502.0 -0.1322975754737854 -1.4491077608702607e-13
1502.0 1506.0 -0.054987479001283646 -6.022996500414796e-14
1506.0 1510.0 -0.11001512408256531 -1.2050393506397167e-13
1510.0 1514.0 -0.07783383131027222 -8.525448955739451e-14
1514.0 1518.0 -0.055884744971990585 -6.121278072097891e-14
1518.0 1522.0 0.6820283532142639 7.470527018174633e-13
1522.0 1526.0 0.0 0.0
1526.0 1530.0 -0.02795661985874176 -3.062199270737788e-14
1530.0 1534.0 -0.024235118180513382 -2.654568900036392e-14
1534.0 1538.0 -0.029767049476504326 -3.260503236217176e-14
1538.0 1542.0 0.0 0.0
1542.0 1546.0 -0.028427431359887123 -3.113769347072061e-14
1546.0 1550.0 -0.05064942687749863 -5.547832362235404e-14
1550.0 1554.0 -0.0557117722928524 -6.102331639133707e-14
1554.0 1558.0 0.0 0.0
1558.0 1562.0 0.0 0.0
1562.0 1566.0 0.674457848072052 7.38760452551751e-13
1566.0 1570.0 -0.02783101424574852 -3.0484414227953047e-14
1570.0 1574.0 0.0 0.0
1574.0 1578.0 -0.05038432031869888 -5.518794717550811e-14
1578.0 1582.0 -0.04822381213307381 -5.282145570549221e-14
1582.0 1586.0 -0.05224810168147087 -5.722942193926717e-14
1586.0 1590.0 0.0 0.0
1590.0 1594.0 -0.051328737288713455 -5.6222401408935474e-14
1594.0 1598.0 0.0 0.0
1598.0 1602.0 -0.0800803080201149 -8.771514059795898e-14
1602.0 1606.0 -0.027108406648039818 -2.969291276072074e-14
1606.0 1610.0 -0.026789890602231026 -2.934403005414206e-14
1610.0 1614.0 0.0 0.0
1614.0 1618.0 0.0 0.0
1618.0 1622.0 -0.07906466722488403 -8.660266785382592e-14
1622.0 1626.0 0.0 0.0
1626.0 1630.0 0.0 0.0
1630.0 1634.0 -0.027001723647117615 -2.9576059483449324e-14
1634.0 1638.0 0.0 0.0
1638.0 1642.0 -0.02841522917151451 -3.1124327290812936e-14
1642.0 1646.0 -0.027441024780273438 -3.005724196012555e-14
1646.0 1650.0 -0.052133709192276 -5.710412204944573e-14
1650.0 1654.0 -0.05344882234930992 -5.854462016086429e-14
1654.0 1658.0 -0.026751160621643066 -2.9301607256011775e-14
1658.0 1662.0 -0.02650519087910652 -2.9032186404280916e-14
1662.0 1666.0 0.0 0.0
1666.0 1670.0 0.0 0.0
1670.0 1674.0 0.0 0.0
1674.0 1678.0 0.0 0.0
1678.0 1682.0 0.0 0.0
1682.0 1686.0 -0.02734379656612873 -2.995074620173316e-14
1686.0 1690.0 0.0 0.0
1690.0 1694.0 -0.027491819113492966 -3.011288186036479e-14
1694.0 1698.0 0.0 0.0
1698.0 1702.0 0.0 0.0
1702.0 1706.0 0.0 0.0
1706.0 1710.0 -0.026507511734962463 -2.903473089125447e-14
1710.0 1714.0 0.0 0.0
1714.0 1718.0 -0.027565468102693558 -3.01935498901295e-14
1718.0 1722.0 -0.0827782079577446 -9.067025559181263e-14
1722.0 1726.0 0.0 0.0
1726.0 1730.0 -0.05337304249405861 -5.846161093203336e-14
1730.0 1734.0 0.0 0.0
1734.0 1738.0 -0.02422657422721386 -2.653632928629676e-14
1738.0 1742.0 0.0 0.0
1742.0 1746.0 0.0 0.0
1746.0 1750.0 0.0 0.0
1750.0 1754.0 0.0 0.0
1754.0 1758.0 0.0 0.0
1758.0 1762.0 0.0 0.0
1762.0 1766.0 0.0 0.0
1766.0 1770.0 -0.024256566539406776 -2.6569180612123072e-14
1770.0 1774.0 0.0 0.0
1774.0 1778.0 -0.024142790585756302 -2.644455834865944e-14
1778.0 1782.0 0.0 0.0
1782.0 1786.0 0.0 0.0
1786.0 1790.0 0.0 0.0
1790.0 1794.0 0.0 0.0
1794.0 1798.0 -0.026463394984602928 -2.8986405967547715e-14
1798.0 1802.0 0.0 0.0
1802.0 1806.0 -0.024094393476843834 -2.6391545944622584e-14
1806.0 1810.0 0.0 0.0
1810.0 1814.0 0.0 0.0
1814.0 1818.0 0.0 0.0
1818.0 1822.0 0.0 0.0
1822.0 1826.0 0.0 0.0
1826.0 1830.0 0.0 0.0
1830.0 1834.0 -0.026644881814718246 -2.918519782400472e-14
1834.0 1838.0 0.0 0.0
1838.0 1842.0 0.0 0.0
1842.0 1846.0 0.0 0.0
1846.0 1850.0 0.0 0.0
1850.0 1854.0 -0.02420138567686081 -2.65087380350729e-14
1854.0 1858.0 -0.02683638408780098 -2.9394957063062777e-14
1858.0 1862.0 0.0 0.0
1862.0 1866.0 -0.02416735142469406 -2.6471458420998344e-14
1866.0 1870.0 0.0 0.0
1870.0 1874.0 0.0 0.0
1874.0 1878.0 0.0 0.0
1878.0 1882.0 0.0 0.0
1882.0 1886.0 0.0 0.0
1886.0 1890.0 0.0 0.0
1890.0 1894.0 -0.02422270178794861 -2.6532087345296912e-14
1894.0 1898.0 -0.05311931297183037 -5.818369603390744e-14
1898.0 1902.0 -0.027784891426563263 -3.043389379484701e-14
1902.0 1906.0 0.0 0.0
1906.0 1910.0 0.0 0.0
1910.0 1914.0 -0.026860693469643593 -2.942158439079266e-14
1914.0 1918.0 -0.024206671863794327 -2.6514526658234436e-14
1918.0 1922.0 -0.02717430517077446 -2.976509352035396e-14
1922.0 1926.0 0.781666100025177 8.561898477525698e-13
1926.0 1930.0 0.0 0.0
1930.0 1934.0 0.0 0.0
1934.0 1938.0 -0.027622345834970474 -3.0255850857465946e-14
1938.0 1942.0 0.0 0.0
1942.0 1946.0 0.0 0.0
1946.0 1950.0 0.0 0.0
1950.0 1954.0 0.0 0.0
1954.0 1958.0 -0.027073655277490616 -2.965485048820292e-14
1958.0 1962.0 0.0 0.0
1962.0 1966.0 0.0 0.0
1966.0 1970.0 0.0 0.0
1970.0 1974.0 0.0 0.0
1974.0 1978.0 0.7144803404808044 7.825986495131609e-13
1978.0 1982.0 0.0 0.0
1982.0 1986.0 -0.05116981267929077 -5.604832597387935e-14
1986.0 1990.0 0.0 0.0
1990.0 1994.0 0.0 0.0
1994.0 1998.0 -0.026942221447825432 -2.951088538035579e-14
1998.0 2002.0 -0.026330474764108658 -2.884081116831007e-14
2002.0 2006.0 0.0 0.0
2006.0 2010.0 0.0 0.0
2010.0 2014.0 0.0 0.0
2014.0 2018.0 -0.02848654054105282 -3.120243728107694e-14
2018.0 2022.0 0.0 0.0
2022.0 2026.0 0.0 0.0
2026.0 2030.0 0.0 0.0
2030.0 2034.0 0.0 0.0
2034.0 2038.0 -0.02564093843102455 -2.8085537300231826e-14
2038.0 2042.0 0.0 0.0
2042.0 2046.0 0.0 0.0
2046.0 2050.0 0.0 0.0
2050.0 2054.0 0.0 0.0
2054.0 2058.0 0.0 0.0
2058.0 2062.0 0.0 0.0
2062.0 2066.0 -0.050106193870306015 -5.488329991756684e-14
2066.0 2070.0 0.0 0.0
2070.0 2074.0 0.0 0.0
2074.0 2078.0 -0.02666027471423149 -2.920205716778687e-14
2078.0 2082.0 0.0 0.0
2082.0 2086.0 1.4824483394622803 1.6237845486613556e-12
2086.0 2090.0 0.0 0.0
2090.0 2094.0 0.0 0.0
2094.0 2098.0 0.0 0.0
2098.0 2102.0 -0.026321103796362877 -2.8830548517121135e-14
2102.0 2106.0 0.0 0.0
2106.0 2110.0 0.0 0.0
2110.0 2114.0 0.0 0.0
2114.0 2118.0 0.0 0.0
2118.0 2122.0 0.0 0.0
2122.0 2126.0 0.0 0.0
2126.0 2130.0 -0.05354596674442291 -5.865102105156658e-14
2130.0 2134.0 -0.02411131002008915 -2.6410073943310824e-14
2134.0 2138.0 -0.026412738487124443 -2.893092192137077e-14
2138.0 2142.0 0.0 0.0
2142.0 2146.0 0.0 0.0
2146.0 2150.0 0.0 0.0
2150.0 2154.0 0.0 0.0
2154.0 2158.0 -0.026176856830716133 -2.8672549767403896e-14
2158.0 2162.0 0.0 0.0
2162.0 2166.0 0.0 0.0
2166.0 2170.0 0.0 0.0
2170.0 2174.0 0.0 0.0
2174.0 2178.0 0.0 0.0
2178.0 2182.0 0.0 0.0
2182.0 2186.0 0.0 0.0
2186.0 2190.0 0.0 0.0
2190.0 2194.0 -0.028055131435394287 -3.07298979285945e-14
2194.0 2198.0 0.0 0.0
2198.0 2202.0 0.0 0.0
2202.0 2206.0 0.0 0.0
2206.0 2210.0 -0.026289697736501694 -2.8796148815067243e-14
2210.0 2214.0 -0.02413066476583481 -2.6431276872046494e-14
2214.0 2218.0 0.0 0.0
2218.0 2222.0 -0.053192246705293655 -5.826357462896531e-14
2222.0 2226.0 0.0 0.0
2226.0 2230.0 0.0 0.0
2230.0 2234.0 -0.02761140652000904 -3.024387042345998e-14
2234.0 2238.0 0.0 0.0
2238.0 2242.0 0.0 0.0
2242.0 2246.0 0.0 0.0
2246.0 2250.0 0.0 0.0
2250.0 2254.0 -0.02709517441689968 -2.967841833292732e-14
2254.0 2258.0 -0.024102268740534782 -2.6400170434091527e-14
2258.0 2262.0 0.0 0.0
2262.0 2266.0 -0.05294263735413551 -5.799017272238235e-14
2266.0 2270.0 0.0 0.0
2270.0 2274.0 0.0 0.0
2274.0 2278.0 0.0 0.0
2278.0 2282.0 0.0 0.0
2282.0 2286.0 0.7497352361679077 8.212147325006858e-13
2286.0 2290.0 -0.026539474725723267 -2.906974045703038e-14
2290.0 2294.0 0.0 0.0
2294.0 2298.0 0.0 0.0
2298.0 2302.0 -0.027163852006196976 -2.975364502303887e-14
2302.0 2306.0 0.0 0.0
2306.0 2310.0 0.0 0.0
2310.0 2314.0 0.0 0.0
2314.0 2318.0 -0.026460403576493263 -2.8983129644107736e-14
2318.0 2322.0 0.0 0.0
2322.0 2326.0 0.0 0.0
2326.0 2330.0 -0.02622130699455738 -2.872124060934386e-14
2330.0 2334.0 0.0 0.0
2334.0 2338.0 0.0 0.0
2338.0 2342.0 0.0 0.0
2342.0 2346.0 0.0 0.0
2346.0 2350.0 0.6965420246124268 7.629500872220751e-13
2350.0 2354.0 0.0 0.0
2354.0 2358.0 -0.02579723484814167 -2.8256736211399076e-14
2358.0 2362.0 -0.024073250591754913 -2.636838806384465e-14
2362.0 2366.0 0.0 0.0
2366.0 2370.0 0.0 0.0
2370.0 2374.0 -0.024181438609957695 -2.6486889667231422e-14
2374.0 2378.0 0.7052712440490723 7.725116119711162e-13
2378.0 2382.0 0.0 0.0
2382.0 2386.0 0.0 0.0
2386.0 2390.0 -0.025808999314904213 -2.826962127659271e-14
2390.0 2394.0 -0.052428193390369415 -5.742668574828733e-14
2394.0 2398.0 -0.026542725041508675 -2.907329799540885e-14
2398.0 2402.0 0.0 0.0
2402.0 2406.0 -0.028030075132846832 -3.070245406110346e-14
2406.0 2410.0 0.0 0.0
2410.0 2414.0 0.0 0.0
2414.0 2418.0 0.0 0.0
2418.0 2422.0 0.7139474153518677 7.820149150634947e-13
2422.0 2426.0 0.0 0.0
2426.0 2430.0 0.0 0.0
2430.0 2434.0 -0.02704850770533085 -2.962730497675821e-14
2434.0 2438.0 0.0 0.0
2438.0 2442.0 0.0 0.0
2442.0 2446.0 0.0 0.0
2446.0 2450.0 -0.0279507078230381 -3.0615521375660856e-14
2450.0 2454.0 -0.02552824839949608 -2.796210427102614e-14
2454.0 2458.0 -0.07976150512695312 -8.736593940699214e-14
2458.0 2462.0 -0.025945845991373062 -2.8419513921004724e-14
2462.0 2466.0 0.0 0.0
2466.0 2470.0 0.0 0.0
2470.0 2474.0 -0.024174915626645088 -2.6479744097288385e-14
2474.0 2478.0 0.0 0.0
2478.0 2482.0 0.0 0.0
2482.0 2486.0 -0.052859436720609665 -5.789903875352137e-14
2486.0 2490.0 -0.025925444439053535 -2.839716749779026e-14
2490.0 2494.0 -0.050257787108421326 -5.504935225654657e-14
2494.0 2498.0 -0.024109449237585068 -2.6408037676105625e-14
2498.0 2502.0 -0.029445989057421684 -3.2253361223130717e-14
2502.0 2506.0 0.0 0.0
2506.0 2510.0 0.0 0.0
2510.0 2514.0 0.0 0.0
2514.0 2518.0 0.0 0.0
2518.0 2522.0 0.0 0.0
2522.0 2526.0 0.7586212754249573 8.309479948738485e-13
2526.0 2530.0 -0.02700123004615307 -2.957551738236308e-14
2530.0 2534.0 0.0 0.0
2534.0 2538.0 0.0 0.0
2538.0 2542.0 0.0 0.0
2542.0 2546.0 -0.02753525972366333 -3.0160464783209745e-14
2546.0 2550.0 0.0 0.0
2550.0 2554.0 0.0 0.0
2554.0 2558.0 -0.024177629500627518 -2.6482715488867353e-14
2558.0 2562.0 0.0 0.0
2562.0 2566.0 0.7328314781188965 8.026993783202818e-13
2566.0 2570.0 0.0 0.0
2570.0 2574.0 0.0 0.0
2574.0 2578.0 0.0 0.0
2578.0 2582.0 0.0 0.0
2582.0 2586.0 0.0 0.0
2586.0 2590.0 0.0 0.0
2590.0 2594.0 0.0 0.0
2594.0 2598.0 0.0 0.0
2598.0 2602.0 0.0 0.0
2602.0 2606.0 0.0 0.0
2606.0 2610.0 0.0 0.0
2610.0 2614.0 0.7259000539779663 7.951071441872348e-13
2614.0 2618.0 0.0 0.0
2618.0 2622.0 0.0 0.0
2622.0 2626.0 0.0 0.0
2626.0 2630.0 -0.0548543855547905 -6.008418046953012e-14
2630.0 2634.0 0.0 0.0
2634.0 2638.0 0.0 0.0
2638.0 2642.0 0.0 0.0
2642.0 2646.0 -0.026756340637803078 -2.930728237675838e-14
2646.0 2650.0 0.0 0.0
2650.0 2654.0 0.0 0.0
2654.0 2658.0 -0.02417588420212269 -2.6480806276604242e-14
2658.0 2662.0 0.0 0.0
2662.0 2666.0 0.0 0.0
2666.0 2670.0 0.0 0.0
2670.0 2674.0 0.7581566572189331 8.304390703740838e-13
2674.0 2678.0 0.0 0.0
2678.0 2682.0 0.0 0.0
2682.0 2686.0 0.0 0.0
2686.0 2690.0 0.0 0.0
2690.0 2694.0 0.0 0.0
2694.0 2698.0 0.0 0.0
2698.0 2702.0 0.0 0.0
2702.0 2706.0 0.0 0.0
2706.0 2710.0 0.0 0.0
2710.0 2714.0 0.0 0.0
2714.0 2718.0 0.0 0.0
2718.0 2722.0 0.7083279490470886 7.758597366999687e-13
2722.0 2726.0 0.0 0.0
2726.0 2730.0 -0.02667899802327156 -2.922256552950579e-14
2730.0 2734.0 0.0 0.0
2734.0 2738.0 0.731060802936554 8.007599032640311e-13
2738.0 2742.0 0.6991026997566223 7.657549182422951e-13
2742.0 2746.0 0.0 0.0
2746.0 2750.0 0.0 0.0
2750.0 2754.0 0.0 0.0
2754.0 2758.0 0.0 0.0
2758.0 2762.0 0.0 0.0
2762.0 2766.0 0.7499597072601318 8.214606295534055e-13
2766.0 2770.0 0.0 0.0
2770.0 2774.0 0.0 0.0
2774.0 2778.0 0.0 0.0
2778.0 2782.0 0.0 0.0
2782.0 2786.0 0.0 0.0
2786.0 2790.0 0.0 0.0
2790.0 2794.0 0.0 0.0
2794.0 2798.0 0.0 0.0
2798.0 2802.0 0.0 0.0
2802.0 2806.0 0.0 0.0
2806.0 2810.0 0.0 0.0
2810.0 2814.0 -0.026491811498999596 -2.9017532734293416e-14
2814.0 2818.0 0.0 0.0
2818.0 2822.0 -0.026433419436216354 -2.895357497051214e-14
2822.0 2826.0 0.0 0.0
2826.0 2830.0 0.0 0.0
2830.0 2834.0 -0.028120262548327446 -3.0801238431544045e-14
2834.0 2838.0 0.0 0.0
2838.0 2842.0 0.0 0.0
2842.0 2846.0 0.0 0.0
2846.0 2850.0 0.0 0.0
2850.0 2854.0 0.0 0.0
2854.0 2858.0 -0.0568213053047657 -6.223863248779396e-14
2858.0 2862.0 0.0 0.0
2862.0 2866.0 0.0 0.0
2866.0 2870.0 0.0 0.0
2870.0 2874.0 0.0 0.0
2874.0 2878.0 0.0 0.0
2878.0 2882.0 0.0 0.0
2882.0 2886.0 0.0 0.0
2886.0 2890.0 -0.027009649202227592 -2.9584739877092786e-14
2890.0 2894.0 0.0 0.0
2894.0 2898.0 0.0 0.0
2898.0 2902.0 0.0 0.0
2902.0 2906.0 -0.025922197848558426 -2.8393613347543582e-14
2906.0 2910.0 0.0 0.0
2910.0 2914.0 -0.02810380421578884 -3.0783210182294685e-14
2914.0 2918.0 0.0 0.0
2918.0 2922.0 0.0 0.0
2922.0 2926.0 0.0 0.0
2926.0 2930.0 0.0 0.0
2930.0 2934.0 0.0 0.0
2934.0 2938.0 0.7588368654251099 8.311841341070159e-13
2938.0 2942.0 0.0 0.0
2942.0 2946.0 0.0 0.0
2946.0 2950.0 -0.027348386123776436 -2.995577418930806e-14
2950.0 2954.0 0.0 0.0
2954.0 2958.0 0.0 0.0
2958.0 2962.0 0.0 0.0
2962.0 2966.0 -0.028059588745236397 -3.073478022650247e-14
2966.0 2970.0 -0.0269805695861578 -2.9552888050144235e-14
2970.0 2974.0 0.0 0.0
2974.0 2978.0 0.0 0.0
2978.0 2982.0 0.0 0.0
2982.0 2986.0 0.0 0.0
2986.0 2990.0 -0.024202676489949226 -2.6510152580094815e-14
2990.0 2994.0 0.0 0.0
2994.0 2998.0 -0.05213543772697449 -5.7106012626984e-14
2998.0 3002.0 -0.027413440868258476 -3.002702998896288e-14
3002.0 3006.0 -0.027272924780845642 -2.9873117326183196e-14
3006.0 3010.0 0.0 0.0
3010.0 3014.0 0.0 0.0
3014.0 3018.0 -0.02767215110361576 -3.03104065555327e-14
3018.0 3022.0 -0.027303526178002357 -2.9906636113971943e-14
3022.0 3026.0 0.5822783708572388 6.37792607355997e-13
3026.0 3030.0 0.0 0.0
3030.0 3034.0 0.0 0.0
3034.0 3038.0 0.0 0.0
3038.0 3042.0 -0.052590902894735336 -5.760490148038963e-14
3042.0 3046.0 -0.026930365711450577 -2.9497898671208486e-14
3046.0 3050.0 0.0 0.0
3050.0 3054.0 0.0 0.0
3054.0 3058.0 -0.029394516721367836 -3.219697932202968e-14
3058.0 3062.0 0.0 0.0
3062.0 3066.0 0.0 0.0
3066.0 3070.0 0.0 0.0
3070.0 3074.0 -0.026490667834877968 -2.901627912553148e-14
3074.0 3078.0 -0.027755776420235634 -3.040200131031699e-14
3078.0 3082.0 0.0 0.0
3082.0 3086.0 0.0 0.0
3086.0 3090.0 -0.026069600135087967 -2.8555069685751513e-14
3090.0 3094.0 -0.02799113839864731 -3.065980425814331e-14
3094.0 3098.0 0.0 0.0
3098.0 3102.0 0.7314445972442627 8.011803026564124e-13
3102.0 3106.0 0.0 0.0
3106.0 3110.0 0.0 0.0
3110.0 3114.0 -0.028213022276759148 -3.090284511576488e-14
3114.0 3118.0 0.0 0.0
3118.0 3122.0 0.0 0.0
3122.0 3126.0 0.0 0.0
3126.0 3130.0 0.0 0.0
3130.0 3134.0 0.0 0.0
3134.0 3138.0 0.0 0.0
3138.0 3142.0 0.0 0.0
3142.0 3146.0 0.0 0.0
3146.0 3150.0 0.0 0.0
3150.0 3154.0 0.0 0.0
3154.0 3158.0 -0.027251258492469788 -2.984938685113292e-14
3158.0 3162.0 -0.026841504499316216 -2.940056780930539e-14
3162.0 3166.0 0.0 0.0
3166.0 3170.0 0.0 0.0
3170.0 3174.0 0.7238402962684631 7.928509736764011e-13
3174.0 3178.0 0.0 0.0
3178.0 3182.0 0.0 0.0
3182.0 3186.0 -0.028620531782507896 -3.1349204373913586e-14
3186.0 3190.0 -0.02732688933610916 -2.993222667337439e-14
3190.0 3194.0 -0.024111665785312653 -2.6410465272532456e-14
3194.0 3198.0 -0.02554534748196602 -2.7980832169489933e-14
3198.0 3202.0 0.0 0.0
3202.0 3206.0 -0.026752816513180733 -2.93034199065189e-14
3206.0 3210.0 0.0 0.0
3210.0 3214.0 -0.026029087603092194 -2.8510695323710755e-14
3214.0 3218.0 0.0 0.0
3218.0 3222.0 0.0 0.0
3222.0 3226.0 0.0 0.0
3226.0 3230.0 0.0 0.0
3230.0 3234.0 0.0 0.0
3234.0 3238.0 -0.025950929149985313 -2.842508400966587e-14
3238.0 3242.0 0.0 0.0
3242.0 3246.0 0.0 0.0
3246.0 3250.0 0.0 0.0
3250.0 3254.0 0.0 0.0
3254.0 3258.0 0.0 0.0
3258.0 3262.0 0.0 0.0
3262.0 3266.0 0.0 0.0
3266.0 3270.0 0.0 0.0
3270.0 3274.0 0.730675995349884 8.003384196694774e-13
3274.0 3278.0 -0.02737855724990368 -2.9988818638646345e-14
3278.0 3282.0 0.0 0.0
3282.0 3286.0 0.0 0.0
3286.0 3290.0 0.0 0.0
3290.0 3294.0 -0.025773126631975174 -2.8230327418169582e-14
3294.0 3298.0 0.0 0.0
3298.0 3302.0 0.0 0.0
3302.0 3306.0 0.0 0.0
3306.0 3310.0 -0.027294393628835678 -2.9896634348930765e-14
3310.0 3314.0 0.0 0.0
3314.0 3318.0 0.0 0.0
3318.0 3322.0 -0.02681141346693039 -2.936760806326183e-14
3322.0 3326.0 0.0 0.0
3326.0 3330.0 -0.02708294801414013 -2.9665028436097127e-14
3330.0 3334.0 0.0 0.0
3334.0 3338.0 0.0 0.0
3338.0 3342.0 0.0 0.0
3342.0 3346.0 -0.026456361636519432 -2.897870135585949e-14
3346.0 3350.0 0.0 0.0
3350.0 3354.0 0.0 0.0
3354.0 3358.0 0.0 0.0
3358.0 3362.0 -0.02418476529419422 -2.649053360297051e-14
3362.0 3366.0 0.0 0.0
3366.0 3370.0 0.0 0.0
3370.0 3374.0 0.0 0.0
3374.0 3378.0 0.0 0.0
3378.0 3382.0 0.7140042185783386 7.820771482681954e-13
3382.0 3386.0 -0.02598574198782444 -2.846321404481947e-14
3386.0 3390.0 -0.028162822127342224 -3.084785573682913e-14
3390.0 3394.0 -0.024199552834033966 -2.6506730566987907e-14
3394.0 3398.0 0.0 0.0
3398.0 3402.0 0.0 0.0
3402.0 3406.0 0.0 0.0
3406.0 3410.0 0.0 0.0
3410.0 3414.0 0.0 0.0
3414.0 3418.0 0.0 0.0
3418.0 3422.0 0.0 0.0
3422.0 3426.0 0.0 0.0
3426.0 3430.0 0.0 0.0
3430.0 3434.0 0.0 0.0
3434.0 3438.0 0.0 0.0
3438.0 3442.0 -0.026510223746299744 -2.9037702282833436e-14
3442.0 3446.0 -0.027015291154384613 -2.9590919829475953e-14
3446.0 3450.0 0.0 0.0
3450.0 3454.0 0.0 0.0
3454.0 3458.0 0.0 0.0
3458.0 3462.0 0.0 0.0
3462.0 3466.0 -0.02868743985891342 -3.142249305264182e-14
3466.0 3470.0 0.0 0.0
3470.0 3474.0 0.0 0.0
3474.0 3478.0 0.7022508978843689 7.692032774619939e-13
3478.0 3482.0 0.0 0.0
3482.0 3486.0 -0.028164416551589966 -3.0849600624700477e-14
3486.0 3490.0 -0.02692542038857937 -2.949248104847785e-14
3490.0 3494.0 0.0 0.0
3494.0 3498.0 0.0 0.0
3498.0 3502.0 0.735601544380188 8.057335723100911e-13
3502.0 3506.0 0.0 0.0
3506.0 3510.0 0.0 0.0
3510.0 3514.0 0.0 0.0
3514.0 3518.0 0.7294101119041443 7.989518335110857e-13
3518.0 3522.0 -0.05194380134344101 -5.689610431012723e-14
3522.0 3526.0 0.0 0.0
3526.0 3530.0 -0.027683455497026443 -3.032279017722156e-14
3530.0 3534.0 -0.02419818937778473 -2.650523640086895e-14
3534.0 3538.0 0.0 0.0
3538.0 3542.0 -0.052637260407209396 -5.765568279964342e-14
3542.0 3546.0 -0.026129303500056267 -2.8620460629279545e-14
3546.0 3550.0 0.0 0.0
3550.0 3554.0 0.0 0.0
3554.0 3558.0 -0.02708170935511589 -2.966367318338152e-14
3558.0 3562.0 0.0 0.0
3562.0 3566.0 0.0 0.0
3566.0 3570.0 -0.0276899766176939 -3.032993235903281e-14
3570.0 3574.0 -0.0289947297424078 -3.1759076840826364e-14
3574.0 3578.0 0.0 0.0
3578.0 3582.0 0.0 0.0
3582.0 3586.0 0.0 0.0
3586.0 3590.0 0.0 0.0
3590.0 3594.0 0.7026311755180359 7.696198279366628e-13
3594.0 3598.0 0.0 0.0
3598.0 3602.0 0.0 0.0
3602.0 3606.0 0.0 0.0
3606.0 3610.0 -0.02409541793167591 -2.6392669110310643e-14
3610.0 3614.0 0.5534865260124207 6.062557682436076e-13
3614.0 3618.0 0.0 0.0
3618.0 3622.0 -0.02613011561334133 -2.8621355096071846e-14
3622.0 3626.0 -0.026555752381682396 -2.908756880650419e-14
3626.0 3630.0 -0.026208147406578064 -2.8706824108581594e-14
3630.0 3634.0 -0.026390651240944862 -2.890673066039719e-14
3634.0 3638.0 0.7441502809524536 8.150973385828708e-13
3638.0 3642.0 -0.026313267648220062 -2.8821966379299555e-14
3642.0 3646.0 0.0 0.0
3646.0 3650.0 -0.026973893865942955 -2.9545576461743536e-14
3650.0 3654.0 0.0 0.0
3654.0 3658.0 0.0 0.0
3658.0 3662.0 0.7555817365646362 8.276186810526887e-13
3662.0 3666.0 0.0 0.0
3666.0 3670.0 -0.027390044182538986 -3.0001402160110754e-14
3670.0 3674.0 0.7703213691711426 8.437635356031703e-13
3674.0 3678.0 0.0 0.0
3678.0 3682.0 0.0 0.0
3682.0 3686.0 0.0 0.0
3686.0 3690.0 -0.02754901722073555 -3.0175531805275504e-14
3690.0 3694.0 -0.024125995114445686 -2.6426160793045078e-14
3694.0 3698.0 0.0 0.0
3698.0 3702.0 -0.02646242454648018 -2.8985342094165964e-14
3702.0 3706.0 0.7513161897659302 8.229464202105796e-13
3706.0 3710.0 0.0 0.0
3710.0 3714.0 -0.02422177977859974 -2.6531077682023785e-14
3714.0 3718.0 0.0 0.0
3718.0 3722.0 0.0 0.0
3722.0 3726.0 0.0 0.0
3726.0 3730.0 -0.02413640171289444 -2.6437558468383332e-14
3730.0 3734.0 0.0 0.0
3734.0 3738.0 0.0 0.0
3738.0 3742.0 0.0 0.0
3742.0 3746.0 0.0 0.0
3746.0 3750.0 -0.02709313854575157 -2.967618894221015e-14
3750.0 3754.0 0.0 0.0
3754.0 3758.0 0.0 0.0
3758.0 3762.0 0.0 0.0
3762.0 3766.0 -0.026543455198407173 -2.907410098264285e-14
3766.0 3770.0 0.0 0.0
3770.0 3774.0 -0.026663927361369133 -2.92060585514297e-14
3774.0 3778.0 -0.024225329980254173 -2.6534967257317577e-14
3778.0 3782.0 0.0 0.0
3782.0 3786.0 0.0 0.0
3786.0 3790.0 0.0 0.0
3790.0 3794.0 -0.028556479141116142 -3.127904632895841e-14
3794.0 3798.0 0.0 0.0
3798.0 3802.0 0.0 0.0
3802.0 3806.0 -0.027515605092048645 -3.013893320569054e-14
3806.0 3810.0 0.0 0.0
3810.0 3814.0 0.0 0.0
3814.0 3818.0 0.0 0.0
3818.0 3822.0 0.0 0.0
3822.0 3826.0 -0.027050795033574104 -2.962980880615029e-14
3826.0 3830.0 0.0 0.0
3830.0 3834.0 0.0 0.0
3834.0 3838.0 0.0 0.0
3838.0 3842.0 0.0 0.0
3842.0 3846.0 0.0 0.0
3846.0 3850.0 -0.026807313784956932 -2.936311540050959e-14
3850.0 3854.0 -0.027156833559274673 -2.974595735200959e-14
3854.0 3858.0 0.0 0.0
3858.0 3862.0 -0.02763592079281807 -3.027072136788794e-14
3862.0 3866.0 0.0 0.0
3866.0 3870.0 0.0 0.0
3870.0 3874.0 0.0 0.0
3874.0 3878.0 0.0 0.0
3878.0 3882.0 0.0 0.0
3882.0 3886.0 0.0 0.0
3886.0 3890.0 0.0 0.0
3890.0 3894.0 0.0 0.0
3894.0 3898.0 0.0 0.0
3898.0 3902.0 0.0 0.0
3902.0 3906.0 0.7659221291542053 8.389449074677757e-13
3906.0 3910.0 0.0 0.0
3910.0 3914.0 0.5832483768463135 6.388550712749241e-13
3914.0 3918.0 -0.027562057599425316 -3.0189816168898e-14
3918.0 3922.0 -0.026860689744353294 -2.9421577614529085e-14
3922.0 3926.0 0.0 0.0
3926.0 3930.0 -0.026281721889972687 -2.878741421131516e-14
3930.0 3934.0 0.0 0.0
3934.0 3938.0 0.0 0.0
3938.0 3942.0 0.0 0.0
3942.0 3946.0 0.0 0.0
3946.0 3950.0 0.0 0.0
3950.0 3954.0 0.0 0.0
3954.0 3958.0 0.0 0.0
3958.0 3962.0 0.0 0.0
3962.0 3966.0 0.0 0.0
3966.0 3970.0 -0.024918030947446823 -2.7293708878281878e-14
3970.0 3974.0 0.0 0.0
3974.0 3978.0 0.5830267071723938 6.386123184085046e-13
3978.0 3982.0 0.0 0.0
3982.0 3986.0 0.0 0.0
3986.0 3990.0 0.6881797313690186 7.537905304284831e-13
3990.0 3994.0 -0.0259065143764019 -2.837643382530737e-14
3994.0 3998.0 1.2879582643508911 1.4107518321940238e-12
3998.0 4002.0 0.0 0.0
4002.0 4006.0 0.0 0.0
4006.0 4010.0 0.0 0.0
4010.0 4014.0 0.0 0.0
4014.0 4018.0 -0.029079433530569077 -3.185185744173681e-14
4018.0 4022.0 0.0 0.0
4022.0 4026.0 0.0 0.0
4026.0 4030.0 0.0 0.0
4030.0 4034.0 -0.02627374790608883 -2.877867960756307e-14
4034.0 4038.0 0.7430693507194519 8.13913335600408e-13
4038.0 4042.0 -0.027023978531360626 -2.96004370916713e-14
4042.0 4046.0 0.7376546263694763 8.079823702461519e-13
4046.0 4050.0 0.0 0.0
4050.0 4054.0 0.0 0.0
4054.0 4058.0 0.0 0.0
4058.0 4062.0 0.0 0.0
4062.0 4066.0 -0.028038132935762405 -3.071128014441385e-14
4066.0 4070.0 -0.028934095054864883 -3.169266268149805e-14
4070.0 4074.0 0.0 0.0
4074.0 4078.0 -0.024211958050727844 -2.6520320363593655e-14
4078.0 4082.0 -0.05635812133550644 -6.173128685744295e-14
4082.0 4086.0 0.0 0.0
4086.0 4090.0 -0.05053919553756714 -5.535758754605241e-14
4090.0 4094.0 0.0 0.0
4094.0 4098.0 0.0 0.0
4098.0 4102.0 0.0 0.0
4102.0 4106.0 -0.02611716091632843 -2.860716221200765e-14
4106.0 4110.0 0.7845922112464905 8.593950204249801e-13
4110.0 4114.0 -0.052222371101379395 -5.720123268278254e-14
4114.0 4118.0 0.0 0.0
4118.0 4122.0 -0.051715556532144547 -5.664609745354744e-14
4122.0 4126.0 0.0 0.0
4126.0 4130.0 -0.027061983942985535 -2.964206706696296e-14
4130.0 4134.0 -0.024150924757122993 -2.6453465747132768e-14
4134.0 4138.0 -0.02415911853313446 -2.6462440908241874e-14
4138.0 4142.0 0.0 0.0
4142.0 4146.0 -0.025818388909101486 -2.8279907644704165e-14
4146.0 4150.0 0.0 0.0
4150.0 4154.0 0.0 0.0
4154.0 4158.0 -0.02414841204881668 -2.645071289005419e-14
4158.0 4162.0 -0.02650841698050499 -2.903572022573686e-14
4162.0 4166.0 0.0 0.0
4166.0 4170.0 -0.05122184380888939 -5.6105317738702407e-14
4170.0 4174.0 0.0 0.0
4174.0 4178.0 0.0 0.0
4178.0 4182.0 0.0 0.0
4182.0 4186.0 0.0 0.0
4186.0 4190.0 0.0 0.0
4190.0 4194.0 0.0 0.0
4194.0 4198.0 -0.026734311133623123 -2.9283152102157e-14
4198.0 4202.0 -0.026709215715527534 -2.92556641889527e-14
4202.0 4206.0 0.0 0.0
4206.0 4210.0 -0.024184297770261765 -2.649002199507037e-14
4210.0 4214.0 0.0 0.0
4214.0 4218.0 -0.027110273018479347 -2.9694959192321305e-14
4218.0 4222.0 0.0 0.0
4222.0 4226.0 -0.026671074330806732 -2.921388513586233e-14
4226.0 4230.0 0.0 0.0
4230.0 4234.0 0.0 0.0
4234.0 4238.0 0.0 0.0
4238.0 4242.0 0.0 0.0
4242.0 4246.0 -0.027620069682598114 -3.025335719246923e-14
4246.0 4250.0 0.0 0.0
4250.0 4254.0 0.0 0.0
4254.0 4258.0 0.0 0.0
4258.0 4262.0 0.0 0.0
4262.0 4266.0 -0.025657974183559418 -2.810419743605984e-14
4266.0 4270.0 -0.02638660930097103 -2.890230237214894e-14
4270.0 4274.0 0.0 0.0
4274.0 4278.0 0.0 0.0
4278.0 4282.0 0.0 0.0
4282.0 4286.0 -0.02780849300324917 -3.045974524039721e-14
4286.0 4290.0 0.0 0.0
4290.0 4294.0 0.0 0.0
4294.0 4298.0 0.0 0.0
4298.0 4302.0 0.0 0.0
4302.0 4306.0 0.0 0.0
4306.0 4310.0 -0.05355275422334671 -5.865845461271169e-14
4310.0 4314.0 0.0 0.0
4314.0 4318.0 0.0 0.0
4318.0 4322.0 0.0 0.0
4322.0 4326.0 0.0 0.0
4326.0 4330.0 0.0 0.0
4330.0 4334.0 0.0 0.0
4334.0 4338.0 0.0 0.0
4338.0 4342.0 0.5836929678916931 6.393420948908046e-13
4342.0 4346.0 0.0 0.0
4346.0 4350.0 -0.02608184888958931 -2.856848329950423e-14
4350.0 4354.0 -0.0242003183811903 -2.6507570823671583e-14
4354.0 4358.0 0.0 0.0
4358.0 4362.0 -0.026803793385624886 -2.935925970653369e-14
4362.0 4366.0 0.0 0.0
4366.0 4370.0 0.0 0.0
4370.0 4374.0 0.0 0.0
4374.0 4378.0 0.0 0.0
4378.0 4382.0 0.0 0.0
4382.0 4386.0 0.0 0.0
4386.0 4390.0 -0.026418190449476242 -2.893689180958302e-14
4390.0 4394.0 0.7156797647476196 7.839124314956702e-13
4394.0 4398.0 0.0 0.0
4398.0 4402.0 0.0 0.0
4402.0 4406.0 0.0 0.0
4406.0 4410.0 0.0 0.0
4410.0 4414.0 0.0 0.0
4414.0 4418.0 0.0 0.0
4418.0 4422.0 0.0 0.0
4422.0 4426.0 0.0 0.0
4426.0 4430.0 0.0 0.0
4430.0 4434.0 0.0 0.0
4434.0 4438.0 -0.026894059032201767 -2.9458128780269e-14
4438.0 4442.0 0.0 0.0
4442.0 4446.0 1.3127026557922363 1.4378552602029027e-12
4446.0 4450.0 0.0 0.0
4450.0 4454.0 0.0 0.0
4454.0 4458.0 0.0 0.0
4458.0 4462.0 0.0 0.0
4462.0 4466.0 0.7175514698028564 7.859626035937317e-13
4466.0 4470.0 0.0 0.0
4470.0 4474.0 0.0 0.0
4474.0 4478.0 0.0 0.0
4478.0 4482.0 0.0 0.0
4482.0 4486.0 -0.027215497568249702 -2.98102132713883e-14
4486.0 4490.0 0.0 0.0
4490.0 4494.0 -0.02693069353699684 -2.949825781317812e-14
4494.0 4498.0 0.0 0.0
4498.0 4502.0 0.0 0.0
4502.0 4506.0 0.0 0.0
4506.0 4510.0 0.0 0.0
4510.0 4514.0 -0.024166766554117203 -2.647081806409022e-14
4514.0 4518.0 0.0 0.0
4518.0 4522.0 0.737243115901947 8.075316674030497e-13
4522.0 4526.0 0.0 0.0
4526.0 4530.0 0.0 0.0
4530.0 4534.0 0.0 0.0
4534.0 4538.0 0.0 0.0
4538.0 4542.0 -0.024176236242055893 -2.648119252362819e-14
4542.0 4546.0 0.0 0.0
4546.0 4550.0 0.0 0.0
4550.0 4554.0 0.0 0.0
4554.0 4558.0 0.7617620825767517 8.343882767873623e-13
4558.0 4562.0 0.0 0.0
4562.0 4566.0 0.0 0.0
4566.0 4570.0 -0.026170361787080765 -2.866543807877875e-14
4570.0 4574.0 -0.027568310499191284 -3.0196663583243605e-14
4574.0 4578.0 0.0 0.0
4578.0 4582.0 0.0 0.0
4582.0 4586.0 0.0 0.0
4586.0 4590.0 0.0 0.0
4590.0 4594.0 0.0 0.0
4594.0 4598.0 0.0 0.0
4598.0 4602.0 0.0 0.0
4602.0 4606.0 0.0 0.0
4606.0 4610.0 0.0 0.0
4610.0 4614.0 0.0 0.0
4614.0 4618.0 0.0 0.0
4618.0 4622.0 0.0 0.0
4622.0 4626.0 0.0 0.0
4626.0 4630.0 -0.026762569323182106 -2.931410607418146e-14
4630.0 4634.0 0.0 0.0
4634.0 4638.0 0.0 0.0
4638.0 4642.0 0.0 0.0
4642.0 4646.0 0.0 0.0
4646.0 4650.0 0.0 0.0
4650.0 4654.0 -0.027389779686927795 -3.000111416890869e-14
4654.0 4658.0 -0.02641625516116619 -2.893477422721488e-14
4658.0 4662.0 0.0 0.0
4662.0 4666.0 0.0 0.0
4666.0 4670.0 0.0 0.0
4670.0 4674.0 0.0 0.0
4674.0 4678.0 -0.02414088509976864 -2.6442471259477407e-14
4678.0 4682.0 0.0 0.0
4682.0 4686.0 0.0 0.0
4686.0 4690.0 0.0 0.0
4690.0 4694.0 0.0 0.0
4694.0 4698.0 0.0 0.0
4698.0 4702.0 0.0 0.0
4702.0 4706.0 0.0 0.0
4706.0 4710.0 0.0 0.0
4710.0 4714.0 0.0 0.0
4714.0 4718.0 0.7090558409690857 7.766570047675059e-13
4718.0 4722.0 0.0 0.0
4722.0 4726.0 -0.026988187804818153 -2.9561233018740585e-14
4726.0 4730.0 0.0 0.0
4730.0 4734.0 0.7427792549133301 8.135956101537611e-13
4734.0 4738.0 0.0 0.0
4738.0 4742.0 0.0 0.0
4742.0 4746.0 0.0 0.0
4746.0 4750.0 0.0 0.0
4750.0 4754.0 0.0 0.0
4754.0 4758.0 0.0 0.0
4758.0 4762.0 0.0 0.0
4762.0 4766.0 0.0 0.0
4766.0 4770.0 -0.05484814569354057 -6.007735677210704e-14
4770.0 4774.0 -0.05344373732805252 -5.853904329593956e-14
4774.0 4778.0 0.0 0.0
4778.0 4782.0 0.0 0.0
4782.0 4786.0 0.0 0.0
4786.0 4790.0 0.0 0.0
4790.0 4794.0 0.0 0.0
4794.0 4798.0 0.0 0.0
4798.0 4802.0 0.0 0.0
4802.0 4806.0 0.0 0.0
4806.0 4810.0 0.0 0.0
4810.0 4814.0 0.0 0.0
4814.0 4818.0 0.0 0.0
4818.0 4822.0 0.0 0.0
4822.0 4826.0 0.0 0.0
4826.0 4830.0 0.0 0.0
4830.0 4834.0 -0.026442227885127068 -2.896322098171547e-14
4834.0 4838.0 0.0 0.0
4838.0 4842.0 0.0 0.0
4842.0 4846.0 0.0 0.0
4846.0 4850.0 0.0 0.0
4850.0 4854.0 0.0 0.0
4854.0 4858.0 0.7286171913146973 7.980833333608162e-13
4858.0 4862.0 0.0 0.0
4862.0 4866.0 0.5819482803344727 6.37431025931473e-13
4866.0 4870.0 0.0 0.0
4870.0 4874.0 0.0 0.0
4874.0 4878.0 0.0 0.0
4878.0 4882.0 0.0 0.0
4882.0 4886.0 0.0 0.0
4886.0 4890.0 0.7311207056045532 8.008255517055751e-13
4890.0 4894.0 0.0 0.0
4894.0 4898.0 0.0 0.0
4898.0 4902.0 0.7249486446380615 7.940650090590418e-13
4902.0 4906.0 0.0 0.0
4906.0 4910.0 0.0 0.0
4910.0 4914.0 0.0 0.0
4914.0 4918.0 0.0 0.0
4918.0 4922.0 0.0 0.0
4922.0 4926.0 0.0 0.0
4926.0 4930.0 0.0 0.0
4930.0 4934.0 0.0 0.0
4934.0 4938.0 0.0 0.0
4938.0 4942.0 0.0 0.0
4942.0 4946.0 0.0 0.0
4946.0 4950.0 0.7413346767425537 8.120132712931272e-13
4950.0 4954.0 -0.02720329910516739 -2.979685386774421e-14
4954.0 4958.0 0.5826205015182495 6.381673618369166e-13
4958.0 4962.0 0.0 0.0
4962.0 4966.0 -0.028103889897465706 -3.0783308438116566e-14
4966.0 4970.0 0.0 0.0
4970.0 4974.0 0.0 0.0
4974.0 4978.0 0.0 0.0
4978.0 4982.0 0.5823801159858704 6.379040633393285e-13
4982.0 4986.0 -0.024161674082279205 -2.646524289323139e-14
4986.0 4990.0 0.0 0.0
4990.0 4994.0 -0.02616680972278118 -2.866154511535317e-14
4994.0 4998.0 0.0 0.0
4998.0 5002.0 0.7406585812568665 8.112727069992109e-13
5002.0 5006.0 -0.02437618374824524 -2.6700203056536156e-14
5006.0 5010.0 0.0 0.0
5010.0 5014.0 0.0 0.0
5014.0 5018.0 0.0 0.0
5018.0 5022.0 0.0 0.0
5022.0 5026.0 0.0 0.0
5026.0 5030.0 0.0 0.0
5030.0 5034.0 0.0 0.0
5034.0 5038.0 0.0 0.0
5038.0 5042.0 0.0 0.0
5042.0 5046.0 -0.024168483912944794 -2.647270017129902e-14
5046.0 5050.0 0.0 0.0
5050.0 5054.0 -0.02737223170697689 -2.9981889909137804e-14
5054.0 5058.0 0.0 0.0
5058.0 5062.0 0.733833909034729 8.037974040704665e-13
5062.0 5066.0 -0.025358177721500397 -2.7775818009002397e-14
5066.0 5070.0 0.0 0.0
5070.0 5074.0 0.0 0.0
5074.0 5078.0 0.0 0.0
5078.0 5082.0 0.0 0.0
5082.0 5086.0 0.0 0.0
5086.0 5090.0 0.0 0.0
5090.0 5094.0 -0.027341457083821297 -2.994818477410066e-14
5094.0 5098.0 0.0 0.0
5098.0 5102.0 0.0 0.0
5102.0 5106.0 -0.05287475511431694 -5.791581678214058e-14
5106.0 5110.0 0.0 0.0
5110.0 5114.0 0.0 0.0
5114.0 5118.0 -0.025951704010367393 -2.842593104261312e-14
5118.0 5122.0 0.0 0.0
5122.0 5126.0 0.0 0.0
5126.0 5130.0 0.0 0.0
5130.0 5134.0 0.0 0.0
5134.0 5138.0 0.0 0.0
5138.0 5142.0 0.0 0.0
5142.0 5146.0 -0.02655826322734356 -2.909031996951687e-14
5146.0 5150.0 0.0 0.0
5150.0 5154.0 0.0 0.0
5154.0 5158.0 0.7292246222496033 7.987486540239619e-13
5158.0 5162.0 0.0 0.0
5162.0 5166.0 0.0 0.0
5166.0 5170.0 0.0 0.0
5170.0 5174.0 0.0 0.0
5174.0 5178.0 0.0 0.0
5178.0 5182.0 -0.02417706325650215 -2.6482097154815858e-14
5182.0 5186.0 0.0 0.0
5186.0 5190.0 0.0 0.0
5190.0 5194.0 0.0 0.0
5194.0 5198.0 -0.02420211397111416 -2.6509535940109213e-14
5198.0 5202.0 0.0 0.0
5202.0 5206.0 -0.024158429354429245 -2.6461688742984713e-14
5206.0 5210.0 0.0 0.0
5210.0 5214.0 0.0 0.0
5214.0 5218.0 0.0 0.0
5218.0 5222.0 0.0 0.0
5222.0 5226.0 0.0 0.0
5226.0 5230.0 0.7139614224433899 7.82030310734344e-13
5230.0 5234.0 -0.02415313757956028 -2.645588995542781e-14
5234.0 5238.0 0.0 0.0
5238.0 5242.0 0.0 0.0
5242.0 5246.0 -0.027639754116535187 -3.0274919263174535e-14
5246.0 5250.0 0.0 0.0
5250.0 5254.0 -0.02412380464375019 -2.6423761995738454e-14
5254.0 5258.0 0.0 0.0
5258.0 5262.0 0.0 0.0
5262.0 5266.0 0.0 0.0
5266.0 5270.0 -0.024145610630512238 -2.6447644936719236e-14
5270.0 5274.0 0.0 0.0
5274.0 5278.0 0.0 0.0
5278.0 5282.0 0.0 0.0
5282.0 5286.0 0.0 0.0
5286.0 5290.0 0.0 0.0
5290.0 5294.0 -0.026805713772773743 -2.936136373637467e-14
5294.0 5298.0 0.0 0.0
5298.0 5302.0 0.0 0.0
5302.0 5306.0 0.0 0.0
5306.0 5310.0 0.0 0.0
5310.0 5314.0 0.7457785606384277 8.168808511566095e-13
5314.0 5318.0 -0.026481201872229576 -2.900591144225709e-14
5318.0 5322.0 0.7357791662216187 8.059281323899437e-13
5322.0 5326.0 0.0 0.0
5326.0 5330.0 0.0 0.0
5330.0 5334.0 0.0 0.0
5334.0 5338.0 0.0 0.0
5338.0 5342.0 0.0 0.0
5342.0 5346.0 0.0 0.0
5346.0 5350.0 0.0 0.0
5350.0 5354.0 -0.026849113404750824 -2.940890261350637e-14
5354.0 5358.0 -0.024148616939783096 -2.645093820081816e-14
5358.0 5362.0 0.0 0.0
5362.0 5366.0 0.0 0.0
5366.0 5370.0 0.0 0.0
5370.0 5374.0 0.0 0.0
5374.0 5378.0 0.0 0.0
5378.0 5382.0 -0.024168189615011215 -2.6472378298779062e-14
5382.0 5386.0 0.0 0.0
5386.0 5390.0 0.0 0.0
5390.0 5394.0 0.0 0.0
5394.0 5398.0 0.7388753294944763 8.093194625753697e-13
5398.0 5402.0 0.0 0.0
5402.0 5406.0 0.0 0.0
5406.0 5410.0 0.0 0.0
5410.0 5414.0 0.0 0.0
5414.0 5418.0 0.0 0.0
5418.0 5422.0 0.0 0.0
5422.0 5426.0 0.0 0.0
5426.0 5430.0 -0.05192674696445465 -5.687742215144259e-14
5430.0 5434.0 0.0 0.0
5434.0 5438.0 0.0 0.0
5438.0 5442.0 -0.02704004757106304 -2.961803843631525e-14
5442.0 5446.0 0.0 0.0
5446.0 5450.0 0.0 0.0
5450.0 5454.0 -0.024171054363250732 -2.6475514014749797e-14
5454.0 5458.0 0.7266696095466614 7.959501113763423e-13
5458.0 5462.0 0.0 0.0
5462.0 5466.0 0.0 0.0
5466.0 5470.0 0.0 0.0
5470.0 5474.0 0.0 0.0
5474.0 5478.0 0.0 0.0
5478.0 5482.0 -0.02413487806916237 -2.643588981347724e-14
5482.0 5486.0 0.0 0.0
5486.0 5490.0 0.0 0.0
5490.0 5494.0 0.0 0.0
5494.0 5498.0 0.0 0.0
5498.0 5502.0 0.0 0.0
5502.0 5506.0 0.0 0.0
5506.0 5510.0 -0.02654760517179966 -2.907864446737192e-14
5510.0 5514.0 0.0 0.0
5514.0 5518.0 -0.026545168831944466 -2.907597800765396e-14
5518.0 5522.0 0.0 0.0
5522.0 5526.0 0.0 0.0
5526.0 5530.0 0.7171295881271362 7.855005166278184e-13
5530.0 5534.0 0.0 0.0
5534.0 5538.0 0.0 0.0
5538.0 5542.0 0.0 0.0
5542.0 5546.0 0.0 0.0
5546.0 5550.0 0.0 0.0
5550.0 5554.0 0.0 0.0
5554.0 5558.0 0.0 0.0
5558.0 5562.0 -0.02877027913928032 -3.151323061008349e-14
5562.0 5566.0 0.0 0.0
5566.0 5570.0 -0.026394719257950783 -2.8911182665567955e-14
5570.0 5574.0 0.0 0.0
5574.0 5578.0 0.0 0.0
5578.0 5582.0 0.0 0.0
5582.0 5586.0 0.0 0.0
5586.0 5590.0 0.0 0.0
5590.0 5594.0 0.0 0.0
5594.0 5598.0 -0.025567801669239998 -2.8005430006278198e-14
5598.0 5602.0 0.0 0.0
5602.0 5606.0 -0.024270014837384224 -2.6583910515075825e-14
5606.0 5610.0 0.0 0.0
5610.0 5614.0 0.0 0.0
5614.0 5618.0 0.0 0.0
5618.0 5622.0 0.5579871535301208 6.111854728915733e-13
5622.0 5626.0 0.0 0.0
5626.0 5630.0 0.0 0.0
5630.0 5634.0 0.0 0.0
5634.0 5638.0 0.0 0.0
5638.0 5642.0 0.0 0.0
5642.0 5646.0 0.0 0.0
5646.0 5650.0 0.0 0.0
5650.0 5654.0 0.0 0.0
5654.0 5658.0 0.0 0.0
5658.0 5662.0 0.5824465751647949 6.379768675152109e-13
5662.0 5666.0 0.0 0.0
5666.0 5670.0 0.0 0.0
5670.0 5674.0 -0.025936933234333992 -2.8409752713320566e-14
5674.0 5678.0 0.0 0.0
5678.0 5682.0 0.556121289730072 6.091416975863295e-13
5682.0 5686.0 0.0 0.0
5686.0 5690.0 0.0 0.0
5690.0 5694.0 -0.029985656961798668 -3.284448180009697e-14
5694.0 5698.0 -0.02663157507777214 -2.917062208104837e-14
5698.0 5702.0 0.0 0.0
5702.0 5706.0 0.689160943031311 7.548653542521766e-13
5706.0 5710.0 0.0 0.0
5710.0 5714.0 0.0 0.0
5714.0 5718.0 -0.026234112679958344 -2.8735264086818604e-14
5718.0 5722.0 -0.026845987886190414 -2.9405477212267675e-14
5722.0 5726.0 0.0 0.0
5726.0 5730.0 0.0 0.0
5730.0 5734.0 -0.0264964010566473 -2.902256072186832e-14
5734.0 5738.0 0.0 0.0
5738.0 5742.0 0.0 0.0
5742.0 5746.0 0.7414386868476868 8.121272209414554e-13
5746.0 5750.0 0.0 0.0
5750.0 5754.0 0.0 0.0
5754.0 5758.0 0.0 0.0
5758.0 5762.0 0.0 0.0
5762.0 5766.0 0.0 0.0
5766.0 5770.0 0.0 0.0
5770.0 5774.0 0.0 0.0
5774.0 5778.0 -0.05049315467476845 -5.530715520437289e-14
5778.0 5782.0 0.0 0.0
5782.0 5786.0 0.0 0.0
5786.0 5790.0 0.0 0.0
5790.0 5794.0 0.0 0.0
5794.0 5798.0 -0.026065826416015625 -2.855093616496891e-14
5798.0 5802.0 0.0 0.0
5802.0 5806.0 -0.026737945154309273 -2.928713315700909e-14
5806.0 5810.0 0.0 0.0
5810.0 5814.0 -0.02687152661383152 -2.94334496283178e-14
5814.0 5818.0 0.5556602478027344 6.086367304244944e-13
5818.0 5822.0 0.0 0.0
5822.0 5826.0 0.0 0.0
5826.0 5830.0 0.0 0.0
5830.0 5834.0 0.0 0.0
5834.0 5838.0 0.0 0.0
5838.0 5842.0 -0.048313435167074203 -5.2919623435947194e-14
5842.0 5846.0 0.0 0.0
5846.0 5850.0 -0.024152273312211037 -2.6454944666658674e-14
5850.0 5854.0 0.0 0.0
5854.0 5858.0 0.0 0.0
5858.0 5862.0 0.0 0.0
5862.0 5866.0 -0.027523009106516838 -3.014704439319345e-14
5866.0 5870.0 -0.026642758399248123 -2.9182870177465667e-14
5870.0 5874.0 0.7662994861602783 8.393582053359272e-13
5874.0 5878.0 0.0 0.0
5878.0 5882.0 0.0 0.0
5882.0 5886.0 0.0 0.0
5886.0 5890.0 -0.024126840755343437 -2.6427087447089374e-14
5890.0 5894.0 0.0 0.0
5894.0 5898.0 0.0 0.0
5898.0 5902.0 -0.027421213686466217 -3.003554436414868e-14
5902.0 5906.0 0.0 0.0
5906.0 5910.0 0.0 0.0
5910.0 5914.0 0.0 0.0
5914.0 5918.0 0.0 0.0
5918.0 5922.0 0.0 0.0
5922.0 5926.0 0.0 0.0
5926.0 5930.0 0.0 0.0
5930.0 5934.0 -0.028628157451748848 -3.1357556118773514e-14
5934.0 5938.0 0.0 0.0
5938.0 5942.0 0.0 0.0
5942.0 5946.0 0.0 0.0
5946.0 5950.0 0.0 0.0
5950.0 5954.0 0.0 0.0
5954.0 5958.0 0.0 0.0
5958.0 5962.0 0.0 0.0
5962.0 5966.0 0.0 0.0
5966.0 5970.0 0.0 0.0
5970.0 5974.0 0.0 0.0
5974.0 5978.0 -0.02418496459722519 -2.6490753831536797e-14
5978.0 5982.0 0.0 0.0
5982.0 5986.0 0.0 0.0
5986.0 5990.0 0.0 0.0
5990.0 5994.0 0.7190588116645813 7.876136808721013e-13
5994.0 5998.0 -0.027033260092139244 -2.9610601487038354e-14
5998.0 6002.0 -0.024155007675290108 -2.645793808109427e-14
6002.0 6006.0 0.0 0.0
6006.0 6010.0 0.0 0.0
6010.0 6014.0 0.7445616126060486 8.155478787956472e-13
6014.0 6018.0 0.0 0.0
6018.0 6022.0 0.0 0.0
6022.0 6026.0 0.0 0.0
6026.0 6030.0 0.0 0.0
6030.0 6034.0 0.7280213832855225 7.974306978630885e-13
6034.0 6038.0 0.0 0.0
6038.0 6042.0 0.0 0.0
6042.0 6046.0 0.0 0.0
6046.0 6050.0 0.0 0.0
6050.0 6054.0 0.0 0.0
6054.0 6058.0 -0.02770087867975235 -3.0341872135457304e-14
6058.0 6062.0 -0.024112848564982414 -2.641175953887586e-14
6062.0 6066.0 0.0 0.0
6066.0 6070.0 0.0 0.0
6070.0 6074.0 0.0 0.0
6074.0 6078.0 0.0 0.0
6078.0 6082.0 0.0 0.0
6082.0 6086.0 0.5827749967575073 6.383366057960416e-13
6086.0 6090.0 0.0 0.0
6090.0 6094.0 0.0 0.0
6094.0 6098.0 0.0 0.0
6098.0 6102.0 0.0 0.0
6102.0 6106.0 0.0 0.0
6106.0 6110.0 0.0 0.0
6110.0 6114.0 0.0 0.0
6114.0 6118.0 0.0 0.0
6118.0 6122.0 0.0 0.0
6122.0 6126.0 0.7280596494674683 7.974726022770551e-13
6126.0 6130.0 0.0 0.0
6130.0 6134.0 -0.026142146438360214 -2.8634531540599334e-14
6134.0 6138.0 -0.026768840849399567 -2.93209738173178e-14
6138.0 6142.0 0.0 0.0
6142.0 6146.0 0.0 0.0
6146.0 6150.0 0.0 0.0
6150.0 6154.0 0.0 0.0
6154.0 6158.0 -0.02693822979927063 -2.950651130221617e-14
6158.0 6162.0 0.7191892266273499 7.877565245083262e-13
6162.0 6166.0 0.0 0.0
6166.0 6170.0 0.0 0.0
6170.0 6174.0 0.0 0.0
6174.0 6178.0 0.0 0.0
6178.0 6182.0 0.0 0.0
6182.0 6186.0 0.0 0.0
6186.0 6190.0 0.0 0.0
6190.0 6194.0 0.0 0.0
6194.0 6198.0 0.0 0.0
6198.0 6202.0 0.0 0.0
6202.0 6206.0 0.0 0.0
6206.0 6210.0 0.0 0.0
6210.0 6214.0 0.0 0.0
6214.0 6218.0 0.0 0.0
6218.0 6222.0 -0.02601485699415207 -2.849510652934949e-14
6222.0 6226.0 -0.02418663166463375 -2.6492576646439288e-14
6226.0 6230.0 0.0 0.0
6230.0 6234.0 0.0 0.0
6234.0 6238.0 0.0 0.0
6238.0 6242.0 -0.0483027845621109 -5.290795809819761e-14
6242.0 6246.0 0.0 0.0
6246.0 6250.0 0.0 0.0
6250.0 6254.0 0.0 0.0
6254.0 6258.0 0.0 0.0
6258.0 6262.0 0.0 0.0
6262.0 6266.0 0.0 0.0
6266.0 6270.0 0.0 0.0
6270.0 6274.0 0.0 0.0
6274.0 6278.0 0.0 0.0
6278.0 6282.0 0.0 0.0
6282.0 6286.0 0.0 0.0
6286.0 6290.0 0.0 0.0
6290.0 6294.0 0.0 0.0
6294.0 6298.0 0.0 0.0
6298.0 6302.0 0.0 0.0
6302.0 6306.0 0.0 0.0
6306.0 6310.0 0.0 0.0
6310.0 6314.0 0.0 0.0
6314.0 6318.0 0.0 0.0
6318.0 6322.0 0.0 0.0
6322.0 6326.0 0.0 0.0
6326.0 6330.0 0.0 0.0
6330.0 6334.0 0.0 0.0
6334.0 6338.0 -0.026329873129725456 -2.884015725887479e-14
6338.0 6342.0 0.0 0.0
6342.0 6346.0 0.7296542525291443 7.992192519769292e-13
6346.0 6350.0 0.0 0.0
6350.0 6354.0 -0.02662498503923416 -2.9163401972205974e-14
6354.0 6358.0 -0.026381809264421463 -2.88970406034806e-14
6358.0 6362.0 0.0 0.0
6362.0 6366.0 0.0 0.0
6366.0 6370.0 0.0 0.0
6370.0 6374.0 0.0 0.0
6374.0 6378.0 0.0 0.0
6378.0 6382.0 0.0 0.0
6382.0 6386.0 0.0 0.0
6386.0 6390.0 -0.024151653051376343 -2.645426365216908e-14
6390.0 6394.0 -0.02565682865679264 -2.8102943827297902e-14
6394.0 6398.0 0.0 0.0
6398.0 6402.0 -0.024185558781027794 -2.6491402658774393e-14
6402.0 6406.0 -0.052867498248815536 -5.790786822496355e-14
6406.0 6410.0 0.0 0.0
6410.0 6414.0 -0.027953650802373886 -3.061874348899221e-14
6414.0 6418.0 -0.024140531197190285 -2.644208162432167e-14
6418.0 6422.0 0.0 0.0
6422.0 6426.0 0.0 0.0
6426.0 6430.0 0.0 0.0
6430.0 6434.0 -0.02710428647696972 -2.968839976917777e-14
6434.0 6438.0 0.0 0.0
6438.0 6442.0 0.0 0.0
6442.0 6446.0 0.0 0.0
6446.0 6450.0 0.0 0.0
6450.0 6454.0 0.0 0.0
6454.0 6458.0 -0.026041222736239433 -2.852398357658728e-14
6458.0 6462.0 0.0 0.0
6462.0 6466.0 0.0 0.0
6466.0 6470.0 0.0 0.0
6470.0 6474.0 0.0 0.0
6474.0 6478.0 0.0 0.0
6478.0 6482.0 0.0 0.0
6482.0 6486.0 0.0 0.0
6486.0 6490.0 0.0 0.0
6490.0 6494.0 0.0 0.0
6494.0 6498.0 -0.02419610694050789 -2.6502957882240837e-14
6498.0 6502.0 -0.027469472959637642 -3.008840599632093e-14
6502.0 6506.0 0.0 0.0
6506.0 6510.0 0.0 0.0
6510.0 6514.0 0.0 0.0
6514.0 6518.0 0.0 0.0
6518.0 6522.0 0.0 0.0
6522.0 6526.0 0.0 0.0
6526.0 6530.0 0.0 0.0
6530.0 6534.0 0.0 0.0
6534.0 6538.0 -0.026136325672268867 -2.8628155076572404e-14
6538.0 6542.0 0.0 0.0
6542.0 6546.0 -0.02612016163766384 -2.8610448699843e-14
6546.0 6550.0 0.0 0.0
6550.0 6554.0 0.0 0.0
6554.0 6558.0 -0.024288306012749672 -2.6603944538344283e-14
6558.0 6562.0 -0.026803988963365555 -2.93594731588364e-14
6562.0 6566.0 0.0 0.0
6566.0 6570.0 0.0 0.0
6570.0 6574.0 -0.026837704703211784 -2.939640379533669e-14
6574.0 6578.0 0.0 0.0
6578.0 6582.0 0.0 0.0
6582.0 6586.0 -0.026752587407827377 -2.930316918476651e-14
6586.0 6590.0 -0.02603505738079548 -2.851723102993177e-14
6590.0 6594.0 0.0 0.0
6594.0 6598.0 -0.024138934910297394 -2.6440335042384432e-14
6598.0 6602.0 0.0 0.0
6602.0 6606.0 0.7406977415084839 8.113156414052414e-13
6606.0 6610.0 0.0 0.0
6610.0 6614.0 -0.024131344631314278 -2.643201887290829e-14
6614.0 6618.0 0.0 0.0
6618.0 6622.0 0.0 0.0
6622.0 6626.0 0.0 0.0
6626.0 6630.0 0.0 0.0
6630.0 6634.0 0.0 0.0
6634.0 6638.0 0.0 0.0
6638.0 6642.0 0.0 0.0
6642.0 6646.0 0.0 0.0
6646.0 6650.0 -0.026721104979515076 -2.9268688167549683e-14
6650.0 6654.0 -0.05054974555969238 -5.536914107545296e-14
6654.0 6658.0 0.0 0.0
6658.0 6662.0 -0.026768935844302177 -2.9321078849403256e-14
6662.0 6666.0 -0.02701849862933159 -2.9594433322141164e-14
6666.0 6670.0 0.0 0.0
6670.0 6674.0 0.0 0.0
6674.0 6678.0 0.0 0.0
6678.0 6682.0 0.0 0.0
6682.0 6686.0 0.0 0.0
6686.0 6690.0 0.0 0.0
6690.0 6694.0 0.0 0.0
6694.0 6698.0 0.0 0.0
6698.0 6702.0 0.0 0.0
6702.0 6706.0 -0.025920476764440536 -2.8391727852202994e-14
6706.0 6710.0 0.0 0.0
6710.0 6714.0 0.0 0.0
6714.0 6718.0 -0.028388887643814087 -3.1095473960497666e-14
6718.0 6722.0 0.0 0.0
6722.0 6726.0 -0.026584738865494728 -2.911932237763086e-14
6726.0 6730.0 0.0 0.0
6730.0 6734.0 0.0 0.0
6734.0 6738.0 0.0 0.0
6738.0 6742.0 0.0 0.0
6742.0 6746.0 0.0 0.0
6746.0 6750.0 0.0 0.0
6750.0 6754.0 0.0 0.0
6754.0 6758.0 0.0 0.0
6758.0 6762.0 0.0 0.0
6762.0 6766.0 0.0 0.0
6766.0 6770.0 0.0 0.0
6770.0 6774.0 0.0 0.0
6774.0 6778.0 0.0 0.0
6778.0 6782.0 0.0 0.0
6782.0 6786.0 -0.02414315938949585 -2.644495984227644e-14
6786.0 6790.0 0.0 0.0
6790.0 6794.0 0.0 0.0
6794.0 6798.0 0.0 0.0
6798.0 6802.0 -0.026922035962343216 -2.948877443230066e-14
6802.0 6806.0 0.0 0.0
6806.0 6810.0 0.0 0.0
6810.0 6814.0 0.0 0.0
6814.0 6818.0 0.0 0.0
6818.0 6822.0 -0.02422439120709896 -2.653393557118782e-14
6822.0 6826.0 0.0 0.0
6826.0 6830.0 0.0 0.0
6830.0 6834.0 0.0 0.0
6834.0 6838.0 0.0 0.0
6838.0 6842.0 0.0 0.0
6842.0 6846.0 0.0 0.0
6846.0 6850.0 -0.026164358481764793 -2.8658861714976266e-14
6850.0 6854.0 -0.02415533922612667 -2.6458300611195695e-14
6854.0 6858.0 0.0 0.0
6858.0 6862.0 0.0 0.0
6862.0 6866.0 0.0 0.0
6866.0 6870.0 0.0 0.0
6870.0 6874.0 -0.026598524302244186 -2.913441989288272e-14
6874.0 6878.0 0.0 0.0
6878.0 6882.0 0.0 0.0
6882.0 6886.0 0.0 0.0
6886.0 6890.0 -0.024190647527575493 -2.6496976135567327e-14
6890.0 6894.0 0.0 0.0
6894.0 6898.0 0.0 0.0
6898.0 6902.0 0.0 0.0
6902.0 6906.0 -0.026234110817313194 -2.8735264086818604e-14
6906.0 6910.0 -0.024131648242473602 -2.6432354297955402e-14
6910.0 6914.0 0.0 0.0
6914.0 6918.0 -0.02629632130265236 -2.880340280522753e-14
6918.0 6922.0 0.0 0.0
6922.0 6926.0 0.0 0.0
6926.0 6930.0 0.0 0.0
6930.0 6934.0 -0.051404282450675964 -5.630514975161864e-14
6934.0 6938.0 0.0 0.0
6938.0 6942.0 -0.026361165568232536 -2.8874431600052486e-14
6942.0 6946.0 -0.0264472346752882 -2.89687029789501e-14
6946.0 6950.0 0.0 0.0
6950.0 6954.0 -0.02679072879254818 -2.934494823785688e-14
6954.0 6958.0 0.0 0.0
6958.0 6962.0 0.0 0.0
6962.0 6966.0 0.0 0.0
6966.0 6970.0 0.0 0.0
6970.0 6974.0 0.0 0.0
6974.0 6978.0 0.0 0.0
6978.0 6982.0 0.0 0.0
6982.0 6986.0 0.0 0.0
6986.0 6990.0 0.0 0.0
6990.0 6994.0 0.0 0.0
6994.0 6998.0 0.0 0.0
6998.0 7002.0 0.0 0.0
7002.0 7006.0 0.0 0.0
7006.0 7010.0 0.0 0.0
7010.0 7014.0 -0.024105213582515717 -2.640339593555467e-14
7014.0 7018.0 0.0 0.0
7018.0 7022.0 0.0 0.0
7022.0 7026.0 0.0 0.0
7026.0 7030.0 0.0 0.0
7030.0 7034.0 0.0 0.0
7034.0 7038.0 -0.02686702460050583 -2.942851650843299e-14
7038.0 7042.0 0.0 0.0
7042.0 7046.0 0.7458747029304504 8.169861813976664e-13
7046.0 7050.0 0.0 0.0
7050.0 7054.0 0.0 0.0
7054.0 7058.0 0.0 0.0
7058.0 7062.0 -0.02678210660815239 -2.933550551456089e-14
7062.0 7066.0 0.0 0.0
7066.0 7070.0 0.5830327272415161 6.386188778316482e-13
7070.0 7074.0 -0.026385091245174408 -2.8900635411308745e-14
7074.0 7078.0 0.0 0.0
7078.0 7082.0 0.0 0.0
7082.0 7086.0 0.0 0.0
7086.0 7090.0 -0.026236971840262413 -2.8738398108723445e-14
7090.0 7094.0 0.0 0.0
7094.0 7098.0 0.0 0.0
7098.0 7102.0 -0.026592861860990524 -2.912821622357703e-14
7102.0 7106.0 0.0 0.0
7106.0 7110.0 0.0 0.0
7110.0 7114.0 -0.05279143527150154 -5.782455406427162e-14
7114.0 7118.0 -0.026626959443092346 -2.9165566988419156e-14
7118.0 7122.0 0.6889532804489136 7.546378886363891e-13
7122.0 7126.0 0.0 0.0
7126.0 7130.0 0.0 0.0
7130.0 7134.0 0.0 0.0
7134.0 7138.0 0.0 0.0
7138.0 7142.0 0.0 0.0
7142.0 7146.0 0.0 0.0
7146.0 7150.0 0.0 0.0
7150.0 7154.0 -0.027228590101003647 -2.982455523325121e-14
7154.0 7158.0 0.0 0.0
7158.0 7162.0 0.0 0.0
7162.0 7166.0 0.7388046979904175 8.092421047503628e-13
7166.0 7170.0 0.0 0.0
7170.0 7174.0 -0.026253104209899902 -2.875606721600317e-14
7174.0 7178.0 0.0 0.0
7178.0 7182.0 0.0 0.0
7182.0 7186.0 -0.026417860761284828 -2.893653266761338e-14
7186.0 7190.0 0.0 0.0
7190.0 7194.0 0.0 0.0
7194.0 7198.0 0.0 0.0
7198.0 7202.0 -0.04829360544681549 -5.2897902123047805e-14
7202.0 7206.0 0.0 0.0
7206.0 7210.0 0.0 0.0
7210.0 7214.0 0.0 0.0
7214.0 7218.0 0.0 0.0
7218.0 7222.0 0.0 0.0
7222.0 7226.0 -0.02830643579363823 -3.100516330766141e-14
7226.0 7230.0 0.0 0.0
7230.0 7234.0 0.0 0.0
7234.0 7238.0 -0.026699882000684738 -2.924543880721345e-14
7238.0 7242.0 0.0 0.0
7242.0 7246.0 -0.052736252546310425 -5.776410979315555e-14
7246.0 7250.0 0.7281712293624878 7.975948460720028e-13
7250.0 7254.0 -0.05253952741622925 -5.754862461137406e-14
7254.0 7258.0 0.0 0.0
7258.0 7262.0 0.0 0.0
7262.0 7266.0 -0.02610110491514206 -2.8589577808022654e-14
7266.0 7270.0 -0.026472661644220352 -2.899655681038761e-14
7270.0 7274.0 -0.026401178911328316 -2.8918257084743423e-14
7274.0 7278.0 0.0 0.0
7278.0 7282.0 0.0 0.0
7282.0 7286.0 -0.027026087045669556 -2.960274779755141e-14
7286.0 7290.0 0.0 0.0
7290.0 7294.0 0.0 0.0
7294.0 7298.0 0.0 0.0
7298.0 7302.0 -0.027465833351016045 -3.0084418165205254e-14
7302.0 7306.0 0.0 0.0
7306.0 7310.0 0.0 0.0
7310.0 7314.0 0.0 0.0
7314.0 7318.0 -0.027650775387883186 -3.0286991176738803e-14
7318.0 7322.0 0.0 0.0
7322.0 7326.0 0.0 0.0
7326.0 7330.0 0.0 0.0
7330.0 7334.0 0.0 0.0
7334.0 7338.0 0.0 0.0
7338.0 7342.0 -0.02419446036219597 -2.650115200799729e-14
7342.0 7346.0 0.0 0.0
7346.0 7350.0 -0.026485901325941086 -2.9011058014444605e-14
7350.0 7354.0 0.0 0.0
7354.0 7358.0 0.0 0.0
7358.0 7362.0 -0.024153221398591995 -2.6455981434986113e-14
7362.0 7366.0 0.0 0.0
7366.0 7370.0 0.0 0.0
7370.0 7374.0 -0.05306297540664673 -5.812198460150228e-14
7374.0 7378.0 0.0 0.0
7378.0 7382.0 0.0 0.0
7382.0 7386.0 0.0 0.0
7386.0 7390.0 -0.026090731844305992 -2.857821401400229e-14
7390.0 7394.0 0.0 0.0
7394.0 7398.0 0.0 0.0
7398.0 7402.0 0.0 0.0
7402.0 7406.0 0.0 0.0
7406.0 7410.0 0.0 0.0
7410.0 7414.0 0.0 0.0
7414.0 7418.0 0.0 0.0
7418.0 7422.0 -0.0260568019002676 -2.854104959640856e-14
7422.0 7426.0 0.0 0.0
7426.0 7430.0 0.0 0.0
7430.0 7434.0 -0.028331967070698738 -3.103312894744796e-14
7434.0 7438.0 0.0 0.0
7438.0 7442.0 0.0 0.0
7442.0 7446.0 0.0 0.0
7446.0 7450.0 0.0 0.0
7450.0 7454.0 -0.02417423389852047 -2.6478997014228907e-14
7454.0 7458.0 0.0 0.0
7458.0 7462.0 0.0 0.0
7462.0 7466.0 0.0 0.0
7466.0 7470.0 0.0 0.0
7470.0 7474.0 -0.025840217247605324 -2.830381430260747e-14
7474.0 7478.0 0.0 0.0
7478.0 7482.0 0.0 0.0
7482.0 7486.0 0.0 0.0
7486.0 7490.0 0.0 0.0
7490.0 7494.0 0.0 0.0
7494.0 7498.0 -0.05205472558736801 -5.701760271608139e-14
7498.0 7502.0 0.0 0.0
7502.0 7506.0 0.0 0.0
7506.0 7510.0 0.0 0.0
7510.0 7514.0 -0.02720874734222889 -2.980282036782467e-14
7514.0 7518.0 0.0 0.0
7518.0 7522.0 0.0 0.0
7522.0 7526.0 0.7472503781318665 8.184930055769868e-13
7526.0 7530.0 -0.024232959374785423 -2.6543322390309293e-14
7530.0 7534.0 0.0 0.0
7534.0 7538.0 -0.02715703286230564 -2.974617758057588e-14
7538.0 7542.0 0.0 0.0
7542.0 7546.0 0.0 0.0
7546.0 7550.0 0.0 0.0
7550.0 7554.0 0.0 0.0
7554.0 7558.0 0.5834428071975708 6.390680627917089e-13
7558.0 7562.0 0.0 0.0
7562.0 7566.0 -0.051784537732601166 -5.6721659568706104e-14
7566.0 7570.0 0.0 0.0
7570.0 7574.0 0.0 0.0
7574.0 7578.0 0.0 0.0
7578.0 7582.0 -0.024150608107447624 -2.6453118463624394e-14
7582.0 7586.0 0.0 0.0
7586.0 7590.0 0.0 0.0
7590.0 7594.0 0.7175838351249695 7.85998057004772e-13
7594.0 7598.0 0.0 0.0
7598.0 7602.0 -0.02661971189081669 -2.915762859563749e-14
7602.0 7606.0 0.0 0.0
7606.0 7610.0 0.0 0.0
7610.0 7614.0 0.0 0.0
7614.0 7618.0 -0.027344344183802605 -2.9951345901059814e-14
7618.0 7622.0 0.0 0.0
7622.0 7626.0 0.0 0.0
7626.0 7630.0 -0.026196254417300224 -2.869379674185282e-14
7630.0 7634.0 -0.02418523281812668 -2.6491043516804758e-14
7634.0 7638.0 0.0 0.0
7638.0 7642.0 -0.026506980881094933 -2.9034148132586757e-14
7642.0 7646.0 -0.02724343165755272 -2.984081148957492e-14
7646.0 7650.0 0.0 0.0
7650.0 7654.0 0.0 0.0
7654.0 7658.0 0.0 0.0
7658.0 7662.0 0.0 0.0
7662.0 7666.0 0.0 0.0
7666.0 7670.0 -0.05164574459195137 -5.65696340953329e-14
7670.0 7674.0 0.0 0.0
7674.0 7678.0 0.0 0.0
7678.0 7682.0 0.0 0.0
7682.0 7686.0 -0.02661271207034588 -2.9149957865267154e-14
7686.0 7690.0 0.0 0.0
7690.0 7694.0 0.0 0.0
7694.0 7698.0 0.0 0.0
7698.0 7702.0 0.0 0.0
7702.0 7706.0 -0.026173217222094536 -2.866856532442001e-14
7706.0 7710.0 0.0 0.0
7710.0 7714.0 0.0 0.0
7714.0 7718.0 -0.024112951010465622 -2.6411873041290793e-14
7718.0 7722.0 -0.027229618281126022 -2.9825683481136955e-14
7722.0 7726.0 0.0 0.0
7726.0 7730.0 -0.026196805760264397 -2.869439982931127e-14
7730.0 7734.0 0.0 0.0
7734.0 7738.0 -0.02566682919859886 -2.8113897657371795e-14
7738.0 7742.0 0.0 0.0
7742.0 7746.0 0.0 0.0
7746.0 7750.0 0.702253520488739 7.69206150597751e-13
7750.0 7754.0 -0.026621224358677864 -2.915928539208232e-14
7754.0 7758.0 0.0 0.0
7758.0 7762.0 0.0 0.0
7762.0 7766.0 0.0 0.0
7766.0 7770.0 0.0 0.0
7770.0 7774.0 0.0 0.0
7774.0 7778.0 0.0 0.0
7778.0 7782.0 0.0 0.0
7782.0 7786.0 -0.02750919573009014 -3.0131916384755486e-14
7786.0 7790.0 0.0 0.0
7790.0 7794.0 -0.02627670206129551 -2.878191527342158e-14
7794.0 7798.0 0.0 0.0
7798.0 7802.0 -0.02407098188996315 -2.6365901175111513e-14
7802.0 7806.0 -0.02654073014855385 -2.9071116038536723e-14
7806.0 7810.0 -0.02892962284386158 -3.168776683106292e-14
7810.0 7814.0 0.0 0.0
7814.0 7818.0 0.0 0.0
7818.0 7822.0 0.0 0.0
7822.0 7826.0 0.0 0.0
7826.0 7830.0 -0.02414832077920437 -2.6450612940166415e-14
7830.0 7834.0 0.0 0.0
7834.0 7838.0 0.0 0.0
7838.0 7842.0 0.0 0.0
7842.0 7846.0 0.0 0.0
7846.0 7850.0 0.7836450934410095 8.583575473661287e-13
7850.0 7854.0 0.0 0.0
7854.0 7858.0 0.0 0.0
7858.0 7862.0 -0.026754118502140045 -2.9304849698133864e-14
7862.0 7866.0 0.0 0.0
7866.0 7870.0 0.0 0.0
7870.0 7874.0 0.0 0.0
7874.0 7878.0 0.0 0.0
7878.0 7882.0 0.0 0.0
7882.0 7886.0 0.0 0.0
7886.0 7890.0 0.5818108916282654 6.372805386699321e-13
7890.0 7894.0 0.0 0.0
7894.0 7898.0 0.0 0.0
7898.0 7902.0 -0.02875620685517788 -3.149781461044346e-14
7902.0 7906.0 0.0 0.0
7906.0 7910.0 0.0 0.0
7910.0 7914.0 -0.02415502816438675 -2.64579601039509e-14
7914.0 7918.0 0.0 0.0
7918.0 7922.0 0.0 0.0
7922.0 7926.0 0.0 0.0
7926.0 7930.0 0.0 0.0
7930.0 7934.0 0.0 0.0
7934.0 7938.0 0.0 0.0
7938.0 7942.0 0.0 0.0
7942.0 7946.0 0.6984252333641052 7.650128902754461e-13
7946.0 7950.0 0.0 0.0
7950.0 7954.0 -0.024188071489334106 -2.649415551585297e-14
7954.0 7958.0 0.0 0.0
7958.0 7962.0 -0.027071364223957062 -2.965233988254726e-14
7962.0 7966.0 0.0 0.0
7966.0 7970.0 0.0 0.0
7970.0 7974.0 -0.05111408233642578 -5.5987285391568414e-14
7974.0 7978.0 0.0 0.0
7978.0 7982.0 0.0 0.0
7982.0 7986.0 -0.02589118480682373 -2.8359640550095107e-14
7986.0 7990.0 0.0 0.0
7990.0 7994.0 0.0 0.0
7994.0 7998.0 0.0 0.0
7998.0 8002.0 0.0 0.0
8002.0 8006.0 0.0 0.0
8006.0 8010.0 0.0 0.0
8010.0 8014.0 0.0 0.0
8014.0 8018.0 -0.04822169244289398 -5.281913483521673e-14
8018.0 8022.0 0.0 0.0
8022.0 8026.0 0.0 0.0
8026.0 8030.0 0.0 0.0
8030.0 8034.0 0.0 0.0
8034.0 8038.0 0.0 0.0
8038.0 8042.0 0.0 0.0
8042.0 8046.0 0.0 0.0
8046.0 8050.0 -0.04839634150266647 -5.301043553228822e-14
8050.0 8054.0 0.0 0.0
8054.0 8058.0 0.0 0.0
8058.0 8062.0 0.0 0.0
8062.0 8066.0 0.0 0.0
8066.0 8070.0 0.0 0.0
8070.0 8074.0 0.0 0.0
8074.0 8078.0 0.0 0.0
8078.0 8082.0 0.0 0.0
8082.0 8086.0 0.0 0.0
8086.0 8090.0 0.0 0.0
8090.0 8094.0 0.0 0.0
8094.0 8098.0 -0.028694942593574524 -3.1430709272230184e-14
8098.0 8102.0 -0.026204049587249756 -2.8702334833961146e-14
8102.0 8106.0 0.0 0.0
8106.0 8110.0 0.0 0.0
8110.0 8114.0 0.0 0.0
8114.0 8118.0 0.0 0.0
8118.0 8122.0 0.0 0.0
8122.0 8126.0 0.0 0.0
8126.0 8130.0 0.0 0.0
8130.0 8134.0 0.0 0.0
8134.0 8138.0 0.0 0.0
8138.0 8142.0 0.0 0.0
8142.0 8146.0 0.0 0.0
8146.0 8150.0 -0.02418346144258976 -2.648910550542144e-14
8150.0 8154.0 0.0 0.0
8154.0 8158.0 0.0 0.0
8158.0 8162.0 0.0 0.0
8162.0 8166.0 0.0 0.0
8166.0 8170.0 0.0 0.0
8170.0 8174.0 0.0 0.0
8174.0 8178.0 0.0 0.0
8178.0 8182.0 0.0 0.0
8182.0 8186.0 0.0 0.0
8186.0 8190.0 0.0 0.0
8190.0 8194.0 0.0 0.0
8194.0 8198.0 0.0 0.0
8198.0 8202.0 0.0 0.0
8202.0 8206.0 0.0 0.0
8206.0 8210.0 0.0 0.0
8210.0 8214.0 0.0 0.0
8214.0 8218.0 -0.05271323770284653 -5.773890209264526e-14
8218.0 8222.0 0.0 0.0
8222.0 8226.0 -0.024127110838890076 -2.6427380520489124e-14
8226.0 8230.0 0.0 0.0
8230.0 8234.0 0.0 0.0
8234.0 8238.0 0.0 0.0
8238.0 8242.0 0.0 0.0
8242.0 8246.0 0.0 0.0
8246.0 8250.0 0.0 0.0
8250.0 8254.0 0.0 0.0
8254.0 8258.0 0.0 0.0
8258.0 8262.0 0.0 0.0
8262.0 8266.0 -0.024180818349123 -2.648621204087362e-14
8266.0 8270.0 0.0 0.0
8270.0 8274.0 0.0 0.0
8274.0 8278.0 0.0 0.0
8278.0 8282.0 0.0 0.0
8282.0 8286.0 0.6995934247970581 7.662924656794134e-13
8286.0 8290.0 0.0 0.0
8290.0 8294.0 -0.026157712563872337 -2.865158061976167e-14
8294.0 8298.0 -0.02615155093371868 -2.8644831461237946e-14
8298.0 8302.0 -0.024206245318055153 -2.651406248417934e-14
8302.0 8306.0 0.0 0.0
8306.0 8310.0 0.0 0.0
8310.0 8314.0 0.0 0.0
8314.0 8318.0 0.0 0.0
8318.0 8322.0 0.0 0.0
8322.0 8326.0 0.0 0.0
8326.0 8330.0 0.0 0.0
8330.0 8334.0 0.0 0.0
8334.0 8338.0 0.0 0.0
8338.0 8342.0 0.0 0.0
8342.0 8346.0 0.0 0.0
8346.0 8350.0 0.0 0.0
8350.0 8354.0 0.0 0.0
8354.0 8358.0 0.0 0.0
8358.0 8362.0 -0.024155965074896812 -2.6458988401948866e-14
8362.0 8366.0 0.0 0.0
8366.0 8370.0 0.0 0.0
8370.0 8374.0 0.0 0.0
8374.0 8378.0 0.0 0.0
8378.0 8382.0 0.0 0.0
8382.0 8386.0 0.0 0.0
8386.0 8390.0 0.0 0.0
8390.0 8394.0 0.0 0.0
8394.0 8398.0 0.0 0.0
8398.0 8402.0 0.0 0.0
8402.0 8406.0 0.0 0.0
8406.0 8410.0 -0.024149766191840172 -2.6452198585843675e-14
8410.0 8414.0 0.0 0.0
8414.0 8418.0 0.0 0.0
8418.0 8422.0 0.0 0.0
8422.0 8426.0 0.0 0.0
8426.0 8430.0 -0.05254112184047699 -5.755037288737719e-14
8430.0 8434.0 0.0 0.0
8434.0 8438.0 0.0 0.0
8438.0 8442.0 0.0 0.0
8442.0 8446.0 0.0 0.0
8446.0 8450.0 -0.026724575087428093 -2.927248965141696e-14
8450.0 8454.0 0.0 0.0
8454.0 8458.0 0.0 0.0
8458.0 8462.0 0.0 0.0
8462.0 8466.0 0.0 0.0
8466.0 8470.0 0.0 0.0
8470.0 8474.0 0.0 0.0
8474.0 8478.0 0.0 0.0
8478.0 8482.0 0.0 0.0
8482.0 8486.0 0.0 0.0
8486.0 8490.0 0.0 0.0
8490.0 8494.0 -0.02830015867948532 -3.099828540012971e-14
8494.0 8498.0 0.0 0.0
8498.0 8502.0 0.0 0.0
8502.0 8506.0 -0.026328090578317642 -2.8838202306832525e-14
8506.0 8510.0 0.0 0.0
8510.0 8514.0 0.0 0.0
8514.0 8518.0 0.0 0.0
8518.0 8522.0 -0.05418238788843155 -5.934812239089329e-14
8522.0 8526.0 0.0 0.0
8526.0 8530.0 0.0 0.0
8530.0 8534.0 0.0 0.0
8534.0 8538.0 0.0 0.0
8538.0 8542.0 0.0 0.0
8542.0 8546.0 0.0 0.0
8546.0 8550.0 0.0 0.0
8550.0 8554.0 0.0 0.0
8554.0 8558.0 0.0 0.0
8558.0 8562.0 -0.026005903258919716 -2.848529788782028e-14
8562.0 8566.0 0.0 0.0
8566.0 8570.0 0.0 0.0
8570.0 8574.0 0.0 0.0
8574.0 8578.0 0.0 0.0
8578.0 8582.0 -0.0755561888217926 -8.275969292466032e-14
8582.0 8586.0 0.0 0.0
8586.0 8590.0 0.0 0.0
8590.0 8594.0 0.0 0.0
8594.0 8598.0 0.0 0.0
8598.0 8602.0 -0.024109631776809692 -2.6408235881815283e-14
8602.0 8606.0 0.0 0.0
8606.0 8610.0 0.0 0.0
8610.0 8614.0 0.0 0.0
8614.0 8618.0 0.0 0.0
8618.0 8622.0 0.0 0.0
8622.0 8626.0 0.0 0.0
8626.0 8630.0 0.0 0.0
8630.0 8634.0 0.0 0.0
8634.0 8638.0 0.0 0.0
8638.0 8642.0 0.0 0.0
8642.0 8646.0 0.0 0.0
8646.0 8650.0 0.0 0.0
8650.0 8654.0 0.0 0.0
8654.0 8658.0 0.0 0.0
8658.0 8662.0 0.0 0.0
8662.0 8666.0 0.0 0.0
8666.0 8670.0 0.0 0.0
8670.0 8674.0 0.0 0.0
8674.0 8678.0 0.0 0.0
8678.0 8682.0 0.0 0.0
8682.0 8686.0 -0.027574412524700165 -3.0203348367263336e-14
8686.0 8690.0 0.0 0.0
8690.0 8694.0 0.0 0.0
8694.0 8698.0 0.0 0.0
8698.0 8702.0 0.0 0.0
8702.0 8706.0 0.0 0.0
8706.0 8710.0 0.0 0.0
8710.0 8714.0 -0.02672223187983036 -2.9269921447520886e-14
8714.0 8718.0 0.0 0.0
8718.0 8722.0 0.0 0.0
8722.0 8726.0 -0.0262911394238472 -2.8797727684480925e-14
8726.0 8730.0 0.0 0.0
8730.0 8734.0 0.0 0.0
8734.0 8738.0 -0.024140549823641777 -2.6442101953112404e-14
8738.0 8742.0 -0.050517596304416656 -5.5333928221769704e-14
8742.0 8746.0 0.0 0.0
8746.0 8750.0 -0.027398157864809036 -3.0010289229793347e-14
8750.0 8754.0 0.0 0.0
8754.0 8758.0 -0.027995837852358818 -3.066495083033083e-14
8758.0 8762.0 0.0 0.0
8762.0 8766.0 0.0 0.0
8766.0 8770.0 0.0 0.0
8770.0 8774.0 -0.02629568800330162 -2.880271162634257e-14
8774.0 8778.0 0.0 0.0
8778.0 8782.0 0.0 0.0
8782.0 8786.0 0.0 0.0
8786.0 8790.0 -0.02602948248386383 -2.851112561644796e-14
8790.0 8794.0 0.0 0.0
8794.0 8798.0 -0.026842741295695305 -2.940191967388921e-14
8798.0 8802.0 -0.026818253099918365 -2.937509583451556e-14
8802.0 8806.0 0.0 0.0
8806.0 8810.0 -0.053119391202926636 -5.818377734907038e-14
8810.0 8814.0 0.0 0.0
8814.0 8818.0 0.0 0.0
8818.0 8822.0 0.0 0.0
8822.0 8826.0 0.0 0.0
8826.0 8830.0 0.7385639548301697 8.089784267820144e-13
8830.0 8834.0 -0.02556012012064457 -2.799701388691428e-14
8834.0 8838.0 -0.025805696845054626 -2.8266002751842038e-14
8838.0 8842.0 0.0 0.0
8842.0 8846.0 -0.02665400318801403 -2.9195189424650533e-14
8846.0 8850.0 -0.02712652087211609 -2.971275704860901e-14
8850.0 8854.0 -0.0264908280223608 -2.901645530838451e-14
8854.0 8858.0 0.0 0.0
8858.0 8862.0 -0.027505746111273766 -3.012813522967894e-14
8862.0 8866.0 0.0 0.0
8866.0 8870.0 0.0 0.0
8870.0 8874.0 0.0 0.0
8874.0 8878.0 0.0 0.0
8878.0 8882.0 0.0 0.0
8882.0 8886.0 0.0 0.0
8886.0 8890.0 -0.057025786489248276 -6.246260832783873e-14
8890.0 8894.0 -0.02583618275821209 -2.8299396178754592e-14
8894.0 8898.0 -0.027079971507191658 -2.966176905331609e-14
8898.0 8902.0 -0.05046860873699188 -5.528026699049525e-14
8902.0 8906.0 0.0 0.0
8906.0 8910.0 -0.026324626058340073 -2.8834407599228826e-14
8910.0 8914.0 -0.025574462488293648 -2.8012722959954058e-14
8914.0 8918.0 0.0 0.0
8918.0 8922.0 -0.025992676615715027 -2.8470810236290445e-14
8922.0 8926.0 -0.048309776932001114 -5.2915618664172576e-14
8926.0 8930.0 0.0 0.0
8930.0 8934.0 0.0 0.0
8934.0 8938.0 0.0 0.0
8938.0 8942.0 -0.028523653745651245 -3.124308808628157e-14
8942.0 8946.0 -0.027949582785367966 -3.0614288095689654e-14
8946.0 8950.0 -0.026522867381572723 -2.905154957745515e-14
8950.0 8954.0 -0.05134407803416252 -5.6239206542609e-14
8954.0 8958.0 0.0 0.0
8958.0 8962.0 -0.027061814442276955 -2.964188071971456e-14
8962.0 8966.0 -0.026719791814684868 -2.926724821153935e-14
8966.0 8970.0 -0.026359962299466133 -2.887311361678656e-14
8970.0 8974.0 -0.026481205597519875 -2.9005914830388876e-14
8974.0 8978.0 0.0 0.0
8978.0 8982.0 0.0 0.0
8982.0 8986.0 0.0 0.0
8986.0 8990.0 0.0 0.0
8990.0 8994.0 1.5671944618225098 1.716610252382178e-12
8994.0 8998.0 0.0 0.0
8998.0 9002.0 0.0 0.0
9002.0 9006.0 0.0 0.0
9006.0 9010.0 -0.02626960538327694 -2.877413951096579e-14
9010.0 9014.0 -0.027021456509828568 -2.9597672376131465e-14
9014.0 9018.0 0.0 0.0
9018.0 9022.0 -0.026564862579107285 -2.9097546854622847e-14
9022.0 9026.0 0.0 0.0
9026.0 9030.0 0.0 0.0
9030.0 9034.0 -0.02663334459066391 -2.917256009243169e-14
9034.0 9038.0 0.0 0.0
9038.0 9042.0 -0.024244582280516624 -2.6556053295506525e-14
9042.0 9046.0 -0.05036070942878723 -5.516208217743075e-14
9046.0 9050.0 -0.026952074840664864 -2.95216799682356e-14
9050.0 9054.0 0.5561166405677795 6.091366018361188e-13
9054.0 9058.0 0.0 0.0
9058.0 9062.0 0.0 0.0
9062.0 9066.0 0.0 0.0
9066.0 9070.0 0.0 0.0
9070.0 9074.0 0.0 0.0
9074.0 9078.0 0.0 0.0
9078.0 9082.0 0.0 0.0
9082.0 9086.0 0.0 0.0
9086.0 9090.0 0.0 0.0
9090.0 9094.0 -0.0276636965572834 -3.030114340322153e-14
9094.0 9098.0 -0.026793645694851875 -2.9348143246133926e-14
9098.0 9102.0 0.0 0.0
9102.0 9106.0 -0.0270367544144392 -2.9614430075959944e-14
9106.0 9110.0 0.0 0.0
9110.0 9114.0 0.0 0.0
9114.0 9118.0 0.0 0.0
9118.0 9122.0 0.0 0.0
9122.0 9126.0 0.0 0.0
9126.0 9130.0 0.0 0.0
9130.0 9134.0 0.0 0.0
9134.0 9138.0 0.0 0.0
9138.0 9142.0 0.0 0.0
9142.0 9146.0 0.0 0.0
9146.0 9150.0 0.0 0.0
9150.0 9154.0 -0.026315513998270035 -2.882442616297838e-14
9154.0 9158.0 0.0 0.0
9158.0 9162.0 0.0 0.0
9162.0 9166.0 0.0 0.0
9166.0 9170.0 -0.026566505432128906 -2.9099349340734604e-14
9170.0 9174.0 0.0 0.0
9174.0 9178.0 0.0 0.0
9178.0 9182.0 -0.02416086383163929 -2.6464353508636775e-14
9182.0 9186.0 0.0 0.0
9186.0 9190.0 -0.028161009773612022 -3.084587029160077e-14
9190.0 9194.0 -0.024984680116176605 -2.736671295393983e-14
9194.0 9198.0 0.0 0.0
9198.0 9202.0 0.0 0.0
9202.0 9206.0 -0.05277002975344658 -5.780110819229162e-14
9206.0 9210.0 -0.05143970251083374 -5.6343950636866466e-14
9210.0 9214.0 0.0 0.0
9214.0 9218.0 0.0 0.0
9218.0 9222.0 -0.026268968358635902 -2.877344494394904e-14
9222.0 9226.0 -0.05303668603301048 -5.809318548129563e-14
9226.0 9230.0 0.0 0.0
9230.0 9234.0 0.0 0.0
9234.0 9238.0 -0.026709329336881638 -2.9255789549828895e-14
9238.0 9242.0 0.0 0.0
9242.0 9246.0 -0.02686547115445137 -2.9426819054406694e-14
9246.0 9250.0 0.0 0.0
9250.0 9254.0 0.0 0.0
9254.0 9258.0 0.0 0.0
9258.0 9262.0 -0.053360216319561005 -5.84475637376361e-14
9262.0 9266.0 -0.05174059793353081 -5.6673527768511325e-14
9266.0 9270.0 0.0 0.0
9270.0 9274.0 -0.026063403114676476 -2.854827986964632e-14
9274.0 9278.0 0.0 0.0
9278.0 9282.0 0.0 0.0
9282.0 9286.0 0.0 0.0
9286.0 9290.0 0.0 0.0
9290.0 9294.0 -0.07668858021497726 -8.400004053877447e-14
9294.0 9298.0 -0.029561474919319153 -3.2379857123473674e-14
9298.0 9302.0 0.0 0.0
9302.0 9306.0 -0.02411932870745659 -2.641885767497385e-14
9306.0 9310.0 0.0 0.0
9310.0 9314.0 -0.0503104105591774 -5.510699115454133e-14
9314.0 9318.0 -0.05230943113565445 -5.729659504011622e-14
9318.0 9322.0 0.0 0.0
9322.0 9326.0 0.0 0.0
9326.0 9330.0 0.0 0.0
9330.0 9334.0 0.0 0.0
9334.0 9338.0 -0.026513470336794853 -2.9041256433080115e-14
9338.0 9342.0 0.0 0.0
9342.0 9346.0 0.0 0.0
9346.0 9350.0 0.0 0.0
9350.0 9354.0 0.0 0.0
9354.0 9358.0 0.0 0.0
9358.0 9362.0 -0.026370156556367874 -2.888428089916316e-14
9362.0 9366.0 0.0 0.0
9366.0 9370.0 0.0 0.0
9370.0 9374.0 0.0 0.0
9374.0 9378.0 -0.026179805397987366 -2.867578204513062e-14
9378.0 9382.0 -0.026610473170876503 -2.9147508245983694e-14
9382.0 9386.0 -0.02584042400121689 -2.830404300150323e-14
9386.0 9390.0 0.0 0.0
9390.0 9394.0 -0.02657499723136425 -2.9108649762495456e-14
9394.0 9398.0 0.0 0.0
9398.0 9402.0 0.0 0.0
9402.0 9406.0 -0.026361895725131035 -2.8875231199154694e-14
9406.0 9410.0 0.0 0.0
9410.0 9414.0 0.0 0.0
9414.0 9418.0 0.0 0.0
9418.0 9422.0 0.7343916296958923 8.044082977845535e-13
9422.0 9426.0 -0.056369587779045105 -6.174385005011662e-14
9426.0 9430.0 -0.024953367188572884 -2.733241489583961e-14
9430.0 9434.0 0.0 0.0
9434.0 9438.0 0.0 0.0
9438.0 9442.0 0.0 0.0
9442.0 9446.0 0.0 0.0
9446.0 9450.0 0.0 0.0
9450.0 9454.0 0.0 0.0
9454.0 9458.0 0.0 0.0
9458.0 9462.0 -0.05114427208900452 -5.6020350169697433e-14
9462.0 9466.0 0.0 0.0
9466.0 9470.0 0.0 0.0
9470.0 9474.0 -0.02642246149480343 -2.894157081958365e-14
9474.0 9478.0 0.0 0.0
9478.0 9482.0 -0.024171913042664528 -2.6476455915387144e-14
9482.0 9486.0 0.0 0.0
9486.0 9490.0 -0.026339279487729073 -2.885046056764519e-14
9490.0 9494.0 -0.026637660339474678 -2.9177286536277366e-14
9494.0 9498.0 -0.02661794237792492 -2.915569058425417e-14
9498.0 9502.0 -0.02699965238571167 -2.957378943515068e-14
9502.0 9506.0 0.0 0.0
9506.0 9510.0 -0.027473345398902893 -3.009264454918899e-14
9510.0 9514.0 0.5321345329284668 5.82868117920271e-13
9514.0 9518.0 -0.025873390957713127 -2.834015201604468e-14
9518.0 9522.0 -0.053862329572439194 -5.89975456184201e-14
9522.0 9526.0 -0.026289701461791992 -2.879615220319903e-14
9526.0 9530.0 0.7016211748123169 7.685135080398586e-13
9530.0 9534.0 -0.02674107998609543 -2.929056533451137e-14
9534.0 9538.0 0.0 0.0
9538.0 9542.0 0.0 0.0
9542.0 9546.0 -0.027193615213036537 -2.9786245627112795e-14
9546.0 9550.0 -0.02703567035496235 -2.9613240841702e-14
9550.0 9554.0 -0.02410055510699749 -2.6398295103146306e-14
9554.0 9558.0 0.0 0.0
9558.0 9562.0 -0.02736552618443966 -2.9974547827551004e-14
9562.0 9566.0 0.0 0.0
9566.0 9570.0 -0.026758434250950813 -2.930957614197954e-14
9570.0 9574.0 0.0 0.0
9574.0 9578.0 -0.026921899989247322 -2.9488625354501946e-14
9578.0 9582.0 0.0 0.0
9582.0 9586.0 0.0 0.0
9586.0 9590.0 0.0 0.0
9590.0 9594.0 -0.08172670751810074 -8.951850762398128e-14
9594.0 9598.0 0.0 0.0
9598.0 9602.0 -0.02599664404988289 -2.8475153821243965e-14
9602.0 9606.0 -0.05318048223853111 -5.825069295190347e-14
9606.0 9610.0 -0.02632843144237995 -2.8838578389461106e-14
9610.0 9614.0 0.0 0.0
9614.0 9618.0 -0.02793404459953308 -3.059726612158163e-14
9618.0 9622.0 -0.055206216871738434 -6.04695601317401e-14
9622.0 9626.0 -0.02672787383198738 -2.927610139990405e-14
9626.0 9630.0 -0.026653677225112915 -2.91948302826809e-14
9630.0 9634.0 -0.025741105899214745 -2.8195256866021465e-14
9634.0 9638.0 0.0 0.0
9638.0 9642.0 0.0 0.0
9642.0 9646.0 -0.025830231606960297 -2.8292879107258417e-14
9646.0 9650.0 0.0 0.0
9650.0 9654.0 0.0 0.0
9654.0 9658.0 0.0 0.0
9658.0 9662.0 0.0 0.0
9662.0 9666.0 0.0 0.0
9666.0 9670.0 0.0 0.0
9670.0 9674.0 0.0 0.0
9674.0 9678.0 0.0 0.0
9678.0 9682.0 0.0 0.0
9682.0 9686.0 -0.02809048816561699 -3.0768627663074755e-14
9686.0 9690.0 -0.025532079860568047 -2.7966298778180944e-14
9690.0 9694.0 0.0 0.0
9694.0 9698.0 0.0 0.0
9698.0 9702.0 0.0 0.0
9702.0 9706.0 0.0 0.0
9706.0 9710.0 0.0 0.0
9710.0 9714.0 0.0 0.0
9714.0 9718.0 0.0 0.0
9718.0 9722.0 0.0 0.0
9722.0 9726.0 0.0 0.0
9726.0 9730.0 0.0 0.0
9730.0 9734.0 -0.026634130626916885 -2.91734206779061e-14
9734.0 9738.0 0.0 0.0
9738.0 9742.0 -0.02417735569179058 -2.6482419027335814e-14
9742.0 9746.0 0.0 0.0
9746.0 9750.0 0.7206774353981018 7.893866224746582e-13
9750.0 9754.0 0.0 0.0
9754.0 9758.0 0.0 0.0
9758.0 9762.0 0.0 0.0
9762.0 9766.0 0.0 0.0
9766.0 9770.0 0.0 0.0
9770.0 9774.0 0.0 0.0
9774.0 9778.0 -0.026472050696611404 -2.8995885960293385e-14
9778.0 9782.0 0.0 0.0
9782.0 9786.0 0.0 0.0
9786.0 9790.0 0.0 0.0
9790.0 9794.0 -0.05305306240916252 -5.811112225098669e-14
9794.0 9798.0 0.0 0.0
9798.0 9802.0 0.0 0.0
9802.0 9806.0 0.0 0.0
9806.0 9810.0 0.0 0.0
9810.0 9814.0 -0.026119770482182503 -2.8610021795237583e-14
9814.0 9818.0 0.0 0.0
9818.0 9822.0 0.0 0.0
9822.0 9826.0 -0.027006955817341805 -2.958178881430455e-14
9826.0 9830.0 0.0 0.0
9830.0 9834.0 0.0 0.0
9834.0 9838.0 0.0 0.0
9838.0 9842.0 0.0 0.0
9842.0 9846.0 0.0 0.0
9846.0 9850.0 0.0 0.0
9850.0 9854.0 0.0 0.0
9854.0 9858.0 -0.05046236515045166 -5.52734331286768e-14
9858.0 9862.0 0.0 0.0
9862.0 9866.0 0.0 0.0
9866.0 9870.0 -0.025681938976049423 -2.8130448681161144e-14
9870.0 9874.0 -0.027049267664551735 -2.962813845717831e-14
9874.0 9878.0 -0.024207917973399162 -2.651589207534541e-14
9878.0 9882.0 0.0 0.0
9882.0 9886.0 0.0 0.0
9886.0 9890.0 0.0 0.0
9890.0 9894.0 0.0 0.0
9894.0 9898.0 -0.02645363286137581 -2.897571302362158e-14
9898.0 9902.0 0.0 0.0
9902.0 9906.0 0.0 0.0
9906.0 9910.0 -0.027894940227270126 -3.0554433359504876e-14
9910.0 9914.0 -0.027088241651654243 -2.9670828917719924e-14
9914.0 9918.0 0.0 0.0
9918.0 9922.0 -0.05261934548616409 -5.763605874032143e-14
9922.0 9926.0 0.0 0.0
9926.0 9930.0 0.0 0.0
9930.0 9934.0 0.0 0.0
9934.0 9938.0 0.0 0.0
9938.0 9942.0 0.0 0.0
9942.0 9946.0 -0.026662524789571762 -2.9204523727729276e-14
9946.0 9950.0 0.0 0.0
9950.0 9954.0 -0.027428647503256798 -3.004368604483769e-14
9954.0 9958.0 0.0 0.0
9958.0 9962.0 -0.02414722554385662 -2.6449415235578998e-14
9962.0 9966.0 0.0 0.0
9966.0 9970.0 -0.02413126267492771 -2.643192908741588e-14
9970.0 9974.0 0.0 0.0
9974.0 9978.0 -0.025981837883591652 -2.845893822250173e-14
9978.0 9982.0 0.0 0.0
9982.0 9986.0 -0.026397766545414925 -2.8914523363511926e-14
9986.0 9990.0 0.7329743504524231 8.028559371139887e-13
9990.0 9994.0 0.0 0.0
9994.0 9998.0 0.0 0.0
