start end rate flux
0.0 2.0 0.0 0.0
2.0 6.0 0.0 0.0
6.0 10.0 0.0 0.0
10.0 14.0 0.0 0.0
14.0 18.0 0.0 0.0
18.0 22.0 -0.021581381559371948 -2.7588156165472312e-14
22.0 26.0 0.0 0.0
26.0 30.0 0.0 0.0
30.0 34.0 0.0 0.0
34.0 38.0 0.0 0.0
38.0 42.0 -0.03680532053112984 -4.704939373214104e-14
42.0 46.0 0.0 0.0
46.0 50.0 0.0 0.0
50.0 54.0 0.0 0.0
54.0 58.0 0.0 0.0
58.0 62.0 0.0 0.0
62.0 66.0 0.0 0.0
66.0 70.0 0.0 0.0
70.0 74.0 0.0 0.0
74.0 78.0 0.0 0.0
78.0 82.0 -0.010598772205412388 -1.3548742612860473e-14
82.0 86.0 0.0 0.0
86.0 90.0 -0.02613113448023796 -3.340424860548766e-14
90.0 94.0 -0.015513082966208458 -1.9830860721993873e-14
94.0 98.0 0.0 0.0
98.0 102.0 0.0 0.0
102.0 106.0 -0.010637655854225159 -1.359844820027125e-14
106.0 110.0 0.0 0.0
110.0 114.0 0.0 0.0
114.0 118.0 -0.01553165540099144 -1.9854601361439517e-14
118.0 122.0 0.0 0.0
122.0 126.0 -0.015509176068007946 -1.9825864921670967e-14
126.0 130.0 0.0 0.0
130.0 134.0 0.0 0.0
134.0 138.0 0.0 0.0
138.0 142.0 0.0 0.0
142.0 146.0 0.0 0.0
146.0 150.0 0.0 0.0
150.0 154.0 0.0 0.0
154.0 158.0 0.0 0.0
158.0 162.0 0.0 0.0
162.0 166.0 0.0 0.0
166.0 170.0 0.0 0.0
170.0 174.0 0.0 0.0
174.0 178.0 -0.010615269653499126 -1.356983203918121e-14
178.0 182.0 0.0 0.0
182.0 186.0 0.0 0.0
186.0 190.0 -0.021545421332120895 -2.754218768742482e-14
190.0 194.0 0.0 0.0
194.0 198.0 0.0 0.0
198.0 202.0 0.0 0.0
202.0 206.0 0.0 0.0
206.0 210.0 0.0 0.0
210.0 214.0 -0.010625788010656834 -1.3583277840185926e-14
214.0 218.0 0.0 0.0
218.0 222.0 0.0 0.0
222.0 226.0 0.0 0.0
226.0 230.0 0.0 0.0
230.0 234.0 0.0 0.0
234.0 238.0 0.0 0.0
238.0 242.0 0.0 0.0
242.0 246.0 -0.010601182468235493 -1.3551823271689637e-14
246.0 250.0 0.0 0.0
250.0 254.0 0.0 0.0
254.0 258.0 0.0 0.0
258.0 262.0 0.0 0.0
262.0 266.0 0.0 0.0
266.0 270.0 0.0 0.0
270.0 274.0 0.0 0.0
274.0 278.0 -0.032090142369270325 -4.102183274058008e-14
278.0 282.0 0.0 0.0
282.0 286.0 0.0 0.0
286.0 290.0 0.0 0.0
290.0 294.0 0.0 0.0
294.0 298.0 0.0 0.0
298.0 302.0 0.0 0.0
302.0 306.0 0.0 0.0
306.0 310.0 0.0 0.0
310.0 314.0 0.0 0.0
314.0 318.0 -0.02132471278309822 -2.7260047788957992e-14
318.0 322.0 0.0 0.0
322.0 326.0 0.0 0.0
326.0 330.0 0.0 0.0
330.0 334.0 0.0 0.0
334.0 338.0 0.0 0.0
338.0 342.0 0.0 0.0
342.0 346.0 0.0 0.0
346.0 350.0 0.0 0.0
350.0 354.0 0.0 0.0
354.0 358.0 0.0 0.0
358.0 362.0 0.0 0.0
362.0 366.0 0.0 0.0
366.0 370.0 0.0 0.0
370.0 374.0 0.0 0.0
374.0 378.0 0.0 0.0
378.0 382.0 -0.010644376277923584 -1.360703965545525e-14
382.0 386.0 0.0 0.0
386.0 390.0 0.0 0.0
390.0 394.0 0.0 0.0
394.0 398.0 0.0 0.0
398.0 402.0 0.0 0.0
402.0 406.0 0.0 0.0
406.0 410.0 -0.021547773852944374 -2.7545194654387574e-14
410.0 414.0 0.0 0.0
414.0 418.0 0.0 0.0
418.0 422.0 0.0 0.0
422.0 426.0 -0.021658584475517273 -2.7686845668222805e-14
426.0 430.0 -0.01546784769743681 -1.9773033782684822e-14
430.0 434.0 -0.021580172702670097 -2.758661117737652e-14
434.0 438.0 0.0 0.0
438.0 442.0 0.0 0.0
442.0 446.0 0.0 0.0
446.0 450.0 -0.026120906695723534 -3.339117380491384e-14
450.0 454.0 0.0 0.0
454.0 458.0 0.0 0.0
458.0 462.0 0.0 0.0
462.0 466.0 0.0 0.0
466.0 470.0 0.0 0.0
470.0 474.0 0.0 0.0
474.0 478.0 -0.026119185611605644 -3.338897151925098e-14
478.0 482.0 0.0 0.0
482.0 486.0 0.0 0.0
486.0 490.0 0.0 0.0
490.0 494.0 0.0 0.0
494.0 498.0 0.0 0.0
498.0 502.0 0.0 0.0
502.0 506.0 0.0 0.0
506.0 510.0 -0.03696658834815025 -4.725554799897558e-14
510.0 514.0 0.0 0.0
514.0 518.0 0.0 0.0
518.0 522.0 0.0 0.0
522.0 526.0 0.0 0.0
526.0 530.0 0.0 0.0
530.0 534.0 0.0 0.0
534.0 538.0 0.0 0.0
538.0 542.0 0.0 0.0
542.0 546.0 0.0 0.0
546.0 550.0 0.0 0.0
550.0 554.0 -0.02157745510339737 -2.7583138342292778e-14
554.0 558.0 0.0 0.0
558.0 562.0 0.0 0.0
562.0 566.0 0.0 0.0
566.0 570.0 0.0 0.0
570.0 574.0 0.0 0.0
574.0 578.0 0.0 0.0
578.0 582.0 -0.01551144104450941 -1.9828761774350577e-14
582.0 586.0 0.0 0.0
586.0 590.0 0.0 0.0
590.0 594.0 0.0 0.0
594.0 598.0 0.0 0.0
598.0 602.0 0.0 0.0
602.0 606.0 -0.021319951862096786 -2.7253962704264917e-14
606.0 610.0 0.0 0.0
610.0 614.0 0.0 0.0
614.0 618.0 0.0 0.0
618.0 622.0 0.0 0.0
622.0 626.0 0.0 0.0
626.0 630.0 0.0 0.0
630.0 634.0 0.0 0.0
634.0 638.0 -0.010619438253343105 -1.3575160723452388e-14
638.0 642.0 0.0 0.0
642.0 646.0 0.0 0.0
646.0 650.0 -0.010630853474140167 -1.3589752560034737e-14
650.0 654.0 0.0 0.0
654.0 658.0 0.0 0.0
658.0 662.0 0.0 0.0
662.0 666.0 0.0 0.0
666.0 670.0 0.0 0.0
670.0 674.0 0.0 0.0
674.0 678.0 -0.015520029701292515 -1.9839741015412887e-14
678.0 682.0 0.0 0.0
682.0 686.0 -0.021485760807991028 -2.746592253491994e-14
686.0 690.0 0.0 0.0
690.0 694.0 0.0 0.0
694.0 698.0 0.0 0.0
698.0 702.0 0.0 0.0
702.0 706.0 0.0 0.0
706.0 710.0 0.0 0.0
710.0 714.0 0.0 0.0
714.0 718.0 0.0 0.0
718.0 722.0 0.0 0.0
722.0 726.0 0.0 0.0
726.0 730.0 -0.021497108042240143 -2.748042712710872e-14
730.0 734.0 0.0 0.0
734.0 738.0 0.0 0.0
738.0 742.0 0.0 0.0
742.0 746.0 0.0 0.0
746.0 750.0 0.0 0.0
750.0 754.0 0.0 0.0
754.0 758.0 0.0 0.0
758.0 762.0 0.0 0.0
762.0 766.0 0.0 0.0
766.0 770.0 0.0 0.0
770.0 774.0 0.0 0.0
774.0 778.0 -0.010631391778588295 -1.3590441197820855e-14
778.0 782.0 0.0 0.0
782.0 786.0 0.0 0.0
786.0 790.0 0.0 0.0
790.0 794.0 0.0 0.0
794.0 798.0 -0.010630855336785316 -1.3589755101133579e-14
798.0 802.0 0.0 0.0
802.0 806.0 0.0 0.0
806.0 810.0 0.0 0.0
810.0 814.0 -0.021390140056610107 -2.7343685516235776e-14
814.0 818.0 0.0 0.0
818.0 822.0 0.0 0.0
822.0 826.0 0.0 0.0
826.0 830.0 0.0 0.0
830.0 834.0 0.0 0.0
834.0 838.0 0.0 0.0
838.0 842.0 0.0 0.0
842.0 846.0 0.0 0.0
846.0 850.0 0.0 0.0
850.0 854.0 0.0 0.0
854.0 858.0 -0.026165766641497612 -3.3448521323574745e-14
858.0 862.0 0.0 0.0
862.0 866.0 0.0 0.0
866.0 870.0 0.0 0.0
870.0 874.0 0.0 0.0
874.0 878.0 0.0 0.0
878.0 882.0 0.0 0.0
882.0 886.0 0.0 0.0
886.0 890.0 -0.021449435502290726 -2.7419486494685563e-14
890.0 894.0 0.0 0.0
894.0 898.0 0.0 0.0
898.0 902.0 -0.021442539989948273 -2.741067057577054e-14
902.0 906.0 0.0 0.0
906.0 910.0 0.0 0.0
910.0 914.0 0.0 0.0
914.0 918.0 0.0 0.0
918.0 922.0 0.0 0.0
922.0 926.0 0.0 0.0
926.0 930.0 -0.015514316037297249 -1.983243789734166e-14
930.0 934.0 0.0 0.0
934.0 938.0 0.36269932985305786 4.636498975550685e-13
938.0 942.0 0.0 0.0
942.0 946.0 0.0 0.0
946.0 950.0 0.0 0.0
950.0 954.0 0.4113737642765045 5.258719891834684e-13
954.0 958.0 0.0 0.0
958.0 962.0 -0.010628570802509785 -1.3586835378564394e-14
962.0 966.0 0.0 0.0
966.0 970.0 0.0 0.0
970.0 974.0 -0.02140907570719719 -2.736789202380241e-14
974.0 978.0 0.0 0.0
978.0 982.0 0.0 0.0
982.0 986.0 0.0 0.0
986.0 990.0 0.0 0.0
990.0 994.0 0.0 0.0
994.0 998.0 0.0 0.0
998.0 1002.0 0.0 0.0
1002.0 1006.0 0.0 0.0
1006.0 1010.0 -0.02156449295580387 -2.75665652956468e-14
1010.0 1014.0 0.0 0.0
1014.0 1018.0 0.0 0.0
1018.0 1022.0 0.0 0.0
1022.0 1026.0 0.0 0.0
1026.0 1030.0 0.0 0.0
1030.0 1034.0 0.0 0.0
1034.0 1038.0 0.0 0.0
1038.0 1042.0 0.0 0.0
1042.0 1046.0 0.0 0.0
1046.0 1050.0 0.0 0.0
1050.0 1054.0 0.0 0.0
1054.0 1058.0 0.0 0.0
1058.0 1062.0 0.0 0.0
1062.0 1066.0 0.0 0.0
1066.0 1070.0 0.0 0.0
1070.0 1074.0 0.0 0.0
1074.0 1078.0 0.0 0.0
1078.0 1082.0 0.0 0.0
1082.0 1086.0 0.0 0.0
1086.0 1090.0 0.0 0.0
1090.0 1094.0 -0.01554239820688963 -1.9868335153646298e-14
1094.0 1098.0 0.0 0.0
1098.0 1102.0 -0.026128064841032028 -3.3400325148875976e-14
1102.0 1106.0 0.0 0.0
1106.0 1110.0 0.0 0.0
1110.0 1114.0 0.0 0.0
1114.0 1118.0 0.0 0.0
1118.0 1122.0 0.0 0.0
1122.0 1126.0 -0.015492483973503113 -1.980452816172963e-14
1126.0 1130.0 -0.021348178386688232 -2.7290044613752056e-14
1130.0 1134.0 -0.02163364179432392 -2.765496165402226e-14
1134.0 1138.0 0.0 0.0
1138.0 1142.0 0.0 0.0
1142.0 1146.0 0.0 0.0
1146.0 1150.0 -0.01548769511282444 -1.9798405807586877e-14
1150.0 1154.0 0.0 0.0
1154.0 1158.0 0.0 0.0
1158.0 1162.0 -0.03691301494836807 -4.718706369112417e-14
1162.0 1166.0 0.0 0.0
1166.0 1170.0 -0.02166045270860195 -2.7689235995199957e-14
1170.0 1174.0 0.0 0.0
1174.0 1178.0 -0.02147867903113365 -2.7456869446779684e-14
1178.0 1182.0 0.0 0.0
1182.0 1186.0 0.0 0.0
1186.0 1190.0 0.0 0.0
1190.0 1194.0 0.0 0.0
1194.0 1198.0 0.0 0.0
1198.0 1202.0 0.0 0.0
1202.0 1206.0 0.0 0.0
1206.0 1210.0 0.0 0.0
1210.0 1214.0 0.0 0.0
1214.0 1218.0 0.0 0.0
1218.0 1222.0 0.0 0.0
1222.0 1226.0 0.0 0.0
1226.0 1230.0 -0.04348873347043991 -5.559301188341227e-14
1230.0 1234.0 0.0 0.0
1234.0 1238.0 0.0 0.0
1238.0 1242.0 0.0 0.0
1242.0 1246.0 0.0 0.0
1246.0 1250.0 0.0 0.0
1250.0 1254.0 0.0 0.0
1254.0 1258.0 0.0 0.0
1258.0 1262.0 0.0 0.0
1262.0 1266.0 0.0 0.0
1266.0 1270.0 0.0 0.0
1270.0 1274.0 0.0 0.0
1274.0 1278.0 0.0 0.0
1278.0 1282.0 0.0 0.0
1282.0 1286.0 0.0 0.0
1286.0 1290.0 0.0 0.0
1290.0 1294.0 0.0 0.0
1294.0 1298.0 0.0 0.0
1298.0 1302.0 0.0 0.0
1302.0 1306.0 0.0 0.0
1306.0 1310.0 0.0 0.0
1310.0 1314.0 0.0 0.0
1314.0 1318.0 0.4099441468715668 5.240444580015269e-13
1318.0 1322.0 0.0 0.0
1322.0 1326.0 0.0 0.0
1326.0 1330.0 0.0 0.0
1330.0 1334.0 0.0 0.0
1334.0 1338.0 -0.015504877083003521 -1.9820371065975076e-14
1338.0 1342.0 0.0 0.0
1342.0 1346.0 0.0 0.0
1346.0 1350.0 0.0 0.0
1350.0 1354.0 0.0 0.0
1354.0 1358.0 0.0 0.0
1358.0 1362.0 -0.021460212767124176 -2.7433262638539707e-14
1362.0 1366.0 0.4143046736717224 5.296186666309266e-13
1366.0 1370.0 0.0 0.0
1370.0 1374.0 0.0 0.0
1374.0 1378.0 -0.010626312345266342 -1.3583947843247204e-14
1378.0 1382.0 -0.02151869423687458 -2.7508020072398477e-14
1382.0 1386.0 0.0 0.0
1386.0 1390.0 0.0 0.0
1390.0 1394.0 0.0 0.0
1394.0 1398.0 0.0 0.0
1398.0 1402.0 0.0 0.0
1402.0 1406.0 -0.010636944323778152 -1.3597539333918846e-14
1406.0 1410.0 -0.02157476916909218 -2.7579702776658714e-14
1410.0 1414.0 0.0 0.0
1414.0 1418.0 0.0 0.0
1418.0 1422.0 0.0 0.0
1422.0 1426.0 0.39453986287117004 5.043526360437589e-13
1426.0 1430.0 0.0 0.0
1430.0 1434.0 0.0 0.0
1434.0 1438.0 0.0 0.0
1438.0 1442.0 0.0 0.0
1442.0 1446.0 0.0 0.0
1446.0 1450.0 -0.010618340224027634 -1.357375634282584e-14
1450.0 1454.0 0.0 0.0
1454.0 1458.0 0.0 0.0
1458.0 1462.0 0.0 0.0
1462.0 1466.0 0.0 0.0
1466.0 1470.0 0.4124835729598999 5.272906677261657e-13
1470.0 1474.0 -0.021346040070056915 -2.7287312085464213e-14
1474.0 1478.0 0.0 0.0
1478.0 1482.0 0.0 0.0
1482.0 1486.0 0.0 0.0
1486.0 1490.0 0.0 0.0
1490.0 1494.0 -0.015484711155295372 -1.9794590771192444e-14
1494.0 1498.0 0.0 0.0
1498.0 1502.0 0.0 0.0
1502.0 1506.0 0.0 0.0
1506.0 1510.0 0.0 0.0
1510.0 1514.0 0.0 0.0
1514.0 1518.0 0.4231719374656677 5.409539461341539e-13
1518.0 1522.0 0.0 0.0
1522.0 1526.0 0.0 0.0
1526.0 1530.0 0.0 0.0
1530.0 1534.0 0.4528929591178894 5.789472633938031e-13
1534.0 1538.0 -0.015510470606386662 -1.9827521718115797e-14
1538.0 1542.0 0.4229697585105896 5.40695526546342e-13
1542.0 1546.0 -0.021482856944203377 -2.7462209142479176e-14
1546.0 1550.0 0.0 0.0
1550.0 1554.0 0.0 0.0
1554.0 1558.0 0.0 0.0
1558.0 1562.0 -0.01064712181687355 -1.3610548912955725e-14
1562.0 1566.0 0.0 0.0
1566.0 1570.0 0.0 0.0
1570.0 1574.0 0.0 0.0
1574.0 1578.0 -0.015511304140090942 -1.9828585591497548e-14
1578.0 1582.0 0.0 0.0
1582.0 1586.0 0.0 0.0
1586.0 1590.0 -0.015490849502384663 -1.9802437684415808e-14
1590.0 1594.0 0.0 0.0
1594.0 1598.0 -0.015494751743972301 -1.9807426708475136e-14
1598.0 1602.0 0.0 0.0
1602.0 1606.0 0.0 0.0
1606.0 1610.0 0.0 0.0
1610.0 1614.0 0.412026584148407 5.267064995956305e-13
1614.0 1618.0 -0.021765490993857384 -2.7823509352064603e-14
1618.0 1622.0 0.0 0.0
1622.0 1626.0 0.0 0.0
1626.0 1630.0 0.0 0.0
1630.0 1634.0 0.0 0.0
1634.0 1638.0 0.0 0.0
1638.0 1642.0 0.0 0.0
1642.0 1646.0 0.0 0.0
1646.0 1650.0 0.0 0.0
1650.0 1654.0 0.0 0.0
1654.0 1658.0 0.0 0.0
1658.0 1662.0 0.0 0.0
1662.0 1666.0 0.0 0.0
1666.0 1670.0 0.0 0.0
1670.0 1674.0 0.0 0.0
1674.0 1678.0 0.0 0.0
1678.0 1682.0 0.0 0.0
1682.0 1686.0 0.0 0.0
1686.0 1690.0 0.0 0.0
1690.0 1694.0 0.0 0.0
1694.0 1698.0 0.0 0.0
1698.0 1702.0 0.41227787733078003 5.27027748699338e-13
1702.0 1706.0 0.0 0.0
1706.0 1710.0 0.0 0.0
1710.0 1714.0 0.0 0.0
1714.0 1718.0 0.0 0.0
1718.0 1722.0 0.0 0.0
1722.0 1726.0 0.0 0.0
1726.0 1730.0 0.0 0.0
1730.0 1734.0 0.0 0.0
1734.0 1738.0 0.0 0.0
1738.0 1742.0 0.0 0.0
1742.0 1746.0 0.0 0.0
1746.0 1750.0 0.0 0.0
1750.0 1754.0 0.4221886098384857 5.396969221353742e-13
1754.0 1758.0 0.0 0.0
1758.0 1762.0 -0.010626312345266342 -1.3583947843247204e-14
1762.0 1766.0 0.4225257933139801 5.401279467090458e-13
1766.0 1770.0 0.0 0.0
1770.0 1774.0 -0.04304641857743263 -5.5027583509802136e-14
1774.0 1778.0 0.0 0.0
1778.0 1782.0 0.4539886713027954 5.803479441804371e-13
1782.0 1786.0 0.38345518708229065 4.901827641706769e-13
1786.0 1790.0 0.0 0.0
1790.0 1794.0 0.0 0.0
1794.0 1798.0 -0.02148306928575039 -2.7462480193022297e-14
1798.0 1802.0 0.0 0.0
1802.0 1806.0 0.0 0.0
1806.0 1810.0 0.0 0.0
1810.0 1814.0 0.0 0.0
1814.0 1818.0 0.0 0.0
1818.0 1822.0 0.0 0.0
1822.0 1826.0 0.0 0.0
1826.0 1830.0 0.0 0.0
1830.0 1834.0 -0.021385226398706436 -2.7337405613964832e-14
1834.0 1838.0 0.0 0.0
1838.0 1842.0 0.0 0.0
1842.0 1846.0 0.0 0.0
1846.0 1850.0 -0.021588120609521866 -2.7596770490545888e-14
1850.0 1854.0 0.0 0.0
1854.0 1858.0 0.0 0.0
1858.0 1862.0 0.0 0.0
1862.0 1866.0 0.41278475522994995 5.276756679176153e-13
1866.0 1870.0 0.0 0.0
1870.0 1874.0 -0.02379477024078369 -3.041760026907363e-14
1874.0 1878.0 -0.010614668019115925 -1.3569062933265104e-14
1878.0 1882.0 0.0 0.0
1882.0 1886.0 -0.015510499477386475 -1.982755729349958e-14
1886.0 1890.0 -0.021670766174793243 -2.7702419215991023e-14
1890.0 1894.0 0.0 0.0
1894.0 1898.0 -0.010637225583195686 -1.3597898475888482e-14
1898.0 1902.0 0.4088746905326843 5.226773332721313e-13
1902.0 1906.0 0.0 0.0
1906.0 1910.0 0.41541433334350586 5.310371283331894e-13
1910.0 1914.0 0.0 0.0
1914.0 1918.0 0.0 0.0
1918.0 1922.0 0.0 0.0
1922.0 1926.0 0.0 0.0
1926.0 1930.0 0.0 0.0
1930.0 1934.0 0.0 0.0
1934.0 1938.0 0.0 0.0
1938.0 1942.0 0.0 0.0
1942.0 1946.0 0.0 0.0
1946.0 1950.0 0.0 0.0
1950.0 1954.0 0.0 0.0
1954.0 1958.0 0.0 0.0
1958.0 1962.0 0.4138203263282776 5.289994787702201e-13
1962.0 1966.0 -0.021913308650255203 -2.801246885006988e-14
1966.0 1970.0 0.0 0.0
1970.0 1974.0 0.0 0.0
1974.0 1978.0 -0.021496668457984924 -2.7479864697231744e-14
1978.0 1982.0 0.0 0.0
1982.0 1986.0 0.8474661707878113 1.083342617003158e-12
1986.0 1990.0 -0.021561983972787857 -2.756336012297439e-14
1990.0 1994.0 0.0 0.0
1994.0 1998.0 0.0 0.0
1998.0 2002.0 0.0 0.0
2002.0 2006.0 -0.021557394415140152 -2.7557491878715812e-14
2006.0 2010.0 0.0 0.0
2010.0 2014.0 0.0 0.0
2014.0 2018.0 0.0 0.0
2018.0 2022.0 0.0 0.0
2022.0 2026.0 -0.021295638754963875 -2.7222881677298368e-14
2026.0 2030.0 0.0 0.0
2030.0 2034.0 0.0 0.0
2034.0 2038.0 -0.021384205669164658 -2.7336099489160166e-14
2038.0 2042.0 0.0 0.0
2042.0 2046.0 0.0 0.0
2046.0 2050.0 -0.01547416765242815 -1.9781112782935734e-14
2050.0 2054.0 0.0 0.0
2054.0 2058.0 0.38487759232521057 4.920010796341523e-13
2058.0 2062.0 0.0 0.0
2062.0 2066.0 0.0 0.0
2066.0 2070.0 0.0 0.0
2070.0 2074.0 0.0 0.0
2074.0 2078.0 0.0 0.0
2078.0 2082.0 0.0 0.0
2082.0 2086.0 0.0 0.0
2086.0 2090.0 0.0 0.0
2090.0 2094.0 0.0 0.0
2094.0 2098.0 0.0 0.0
2098.0 2102.0 -0.021329430863261223 -2.7266080357608337e-14
2102.0 2106.0 0.0 0.0
2106.0 2110.0 0.0 0.0
2110.0 2114.0 0.0 0.0
2114.0 2118.0 0.0 0.0
2118.0 2122.0 -0.01061725988984108 -1.3572375679121815e-14
2122.0 2126.0 0.0 0.0
2126.0 2130.0 0.0 0.0
2130.0 2134.0 -0.021305257454514503 -2.7235178901626605e-14
2134.0 2138.0 0.0 0.0
2138.0 2142.0 0.0 0.0
2142.0 2146.0 0.0 0.0
2146.0 2150.0 -0.02160312607884407 -2.761595239866941e-14
2150.0 2154.0 0.0 0.0
2154.0 2158.0 0.0 0.0
2158.0 2162.0 0.0 0.0
2162.0 2166.0 -0.02151874639093876 -2.7508087835034258e-14
2166.0 2170.0 0.41352343559265137 5.286199537997416e-13
2170.0 2174.0 0.0 0.0
2174.0 2178.0 0.0 0.0
2178.0 2182.0 0.0 0.0
2182.0 2186.0 0.0 0.0
2186.0 2190.0 0.0 0.0
2190.0 2194.0 0.0 0.0
2194.0 2198.0 0.0 0.0
2198.0 2202.0 0.0 0.0
2202.0 2206.0 -0.021578790619969368 -2.7584844266648548e-14
2206.0 2210.0 0.3848646283149719 4.919844913409133e-13
2210.0 2214.0 -0.021875597536563873 -2.7964262510975745e-14
2214.0 2218.0 0.0 0.0
2218.0 2222.0 0.0 0.0
2222.0 2226.0 0.0 0.0
2226.0 2230.0 0.0 0.0
2230.0 2234.0 0.0 0.0
2234.0 2238.0 -0.010629277676343918 -1.3587738315686167e-14
2238.0 2242.0 0.0 0.0
2242.0 2246.0 0.0 0.0
2246.0 2250.0 0.0 0.0
2250.0 2254.0 0.0 0.0
2254.0 2258.0 0.0 0.0
2258.0 2262.0 0.0 0.0
2262.0 2266.0 0.0 0.0
2266.0 2270.0 0.0 0.0
2270.0 2274.0 -0.02163991704583168 -2.7662983056032757e-14
2274.0 2278.0 0.0 0.0
2278.0 2282.0 0.0 0.0
2282.0 2286.0 0.0 0.0
2286.0 2290.0 -0.015468190424144268 -1.97734725457515e-14
2290.0 2294.0 0.0 0.0
2294.0 2298.0 0.0 0.0
2298.0 2302.0 -0.010627901181578636 -1.358597902825472e-14
2302.0 2306.0 0.0 0.0
2306.0 2310.0 0.0 0.0
2310.0 2314.0 0.0 0.0
2314.0 2318.0 -0.04269520565867424 -5.457861877830768e-14
2318.0 2322.0 0.0 0.0
2322.0 2326.0 0.0 0.0
2326.0 2330.0 -0.0261500496417284 -3.3428426313934084e-14
2330.0 2334.0 0.0 0.0
2334.0 2338.0 0.416412889957428 5.323136137609652e-13
2338.0 2342.0 0.0 0.0
2342.0 2346.0 0.0 0.0
2346.0 2350.0 0.4132482707500458 5.282681844048787e-13
2350.0 2354.0 0.0 0.0
2354.0 2358.0 0.0 0.0
2358.0 2362.0 0.4195166528224945 5.362812516111759e-13
2362.0 2366.0 0.0 0.0
2366.0 2370.0 0.41697219014167786 5.330285908836108e-13
2370.0 2374.0 0.0 0.0
2374.0 2378.0 -0.021339107304811478 -2.7278448732704144e-14
2378.0 2382.0 0.0 0.0
2382.0 2386.0 0.0 0.0
2386.0 2390.0 0.0 0.0
2390.0 2394.0 0.0 0.0
2394.0 2398.0 -0.026132971048355103 -3.3406596580817446e-14
2398.0 2402.0 -0.02139677107334137 -2.7352162621971897e-14
2402.0 2406.0 -0.02129562385380268 -2.7222863042573528e-14
2406.0 2410.0 0.0 0.0
2410.0 2414.0 0.0 0.0
2414.0 2418.0 0.0 0.0
2418.0 2422.0 -0.04337775707244873 -5.5451144029142543e-14
2422.0 2426.0 -0.021317994222044945 -2.7251460568938728e-14
2426.0 2430.0 0.0 0.0
2430.0 2434.0 0.0 0.0
2434.0 2438.0 0.0 0.0
2438.0 2442.0 0.3887541592121124 4.969566425039318e-13
2442.0 2446.0 0.0 0.0
2446.0 2450.0 0.0 0.0
2450.0 2454.0 -0.01548683550208807 -1.9797308052887236e-14
2454.0 2458.0 0.0 0.0
2458.0 2462.0 -0.042760513722896576 -5.466210573372085e-14
2462.0 2466.0 -0.021466940641403198 -2.7441863411086127e-14
2466.0 2470.0 0.0 0.0
2470.0 2474.0 0.0 0.0
2474.0 2478.0 0.0 0.0
2478.0 2482.0 0.0 0.0
2482.0 2486.0 -0.0106448233127594 -1.36076105556617e-14
2486.0 2490.0 0.0 0.0
2490.0 2494.0 0.42352721095085144 5.414081184242081e-13
2494.0 2498.0 0.0 0.0
2498.0 2502.0 0.38341352343559265 4.901295298440078e-13
2502.0 2506.0 0.0 0.0
2506.0 2510.0 0.42314350605010986 5.40917571151267e-13
2510.0 2514.0 0.0 0.0
2514.0 2518.0 0.41156235337257385 5.261130615365206e-13
2518.0 2522.0 0.8312708139419556 1.0626395596791127e-12
2522.0 2526.0 0.46388208866119385 5.929949998921547e-13
2526.0 2530.0 0.0 0.0
2530.0 2534.0 -0.015565119683742523 -1.9897379913407648e-14
2534.0 2538.0 0.0 0.0
2538.0 2542.0 0.0 0.0
2542.0 2546.0 -0.015482026152312756 -1.979115859369017e-14
2546.0 2550.0 0.0 0.0
2550.0 2554.0 0.0 0.0
2554.0 2558.0 0.0 0.0
2558.0 2562.0 0.0 0.0
2562.0 2566.0 0.0 0.0
2566.0 2570.0 -0.021522125229239464 -2.751240600899936e-14
2570.0 2574.0 0.0 0.0
2574.0 2578.0 0.0 0.0
2578.0 2582.0 0.0 0.0
2582.0 2586.0 0.0 0.0
2586.0 2590.0 -0.015470565296709538 -1.977650831183446e-14
2590.0 2594.0 0.0 0.0
2594.0 2598.0 0.0 0.0
2598.0 2602.0 0.7809497117996216 9.983124353227235e-13
2602.0 2606.0 0.3841143250465393 4.91025351889024e-13
2606.0 2610.0 -0.02164836972951889 -2.7673789502373827e-14
2610.0 2614.0 -0.010611547157168388 -1.3565072561050589e-14
2614.0 2618.0 0.0 0.0
2618.0 2622.0 0.0 0.0
2622.0 2626.0 0.0 0.0
2626.0 2630.0 0.410896897315979 5.252623423018798e-13
2630.0 2634.0 0.0 0.0
2634.0 2638.0 0.0 0.0
2638.0 2642.0 0.0 0.0
2642.0 2646.0 -0.010616715997457504 -1.357168026507212e-14
2646.0 2650.0 -0.021845268085598946 -2.7925490424848126e-14
2650.0 2654.0 0.0 0.0
2654.0 2658.0 0.0 0.0
2658.0 2662.0 0.0 0.0
2662.0 2666.0 0.0 0.0
2666.0 2670.0 0.0 0.0
2670.0 2674.0 -0.02153053507208824 -2.7523158245231806e-14
2674.0 2678.0 0.0 0.0
2678.0 2682.0 0.0 0.0
2682.0 2686.0 0.0 0.0
2686.0 2690.0 0.3834210932254791 4.901391792433429e-13
2690.0 2694.0 -0.038391921669244766 -4.9077593795550725e-14
2694.0 2698.0 0.0 0.0
2698.0 2702.0 0.0 0.0
2702.0 2706.0 -0.021673448383808136 -2.7705848005361508e-14
2706.0 2710.0 0.0 0.0
2710.0 2714.0 0.0 0.0
2714.0 2718.0 0.0 0.0
2718.0 2722.0 -0.021845795214176178 -2.7926162969008246e-14
2722.0 2726.0 -0.010640588589012623 -1.3602198015128745e-14
2726.0 2730.0 -0.064027801156044 -8.1848746259338e-14
2730.0 2734.0 0.0 0.0
2734.0 2738.0 0.4146310091018677 5.300358134167904e-13
2738.0 2742.0 -0.02159484475851059 -2.760536787496052e-14
2742.0 2746.0 -0.010618672706186771 -1.3574181553365362e-14
2746.0 2750.0 0.0 0.0
2750.0 2754.0 -0.02168642356991768 -2.7722434604534642e-14
2754.0 2758.0 -0.021599717438220978 -2.7611595261188733e-14
2758.0 2762.0 -0.021175118163228035 -2.7068816548588177e-14
2762.0 2766.0 -0.021668126806616783 -2.7699046330795056e-14
2766.0 2770.0 0.0 0.0
2770.0 2774.0 0.0 0.0
2774.0 2778.0 0.0 0.0
2778.0 2782.0 -0.021510036662220955 -2.7496954433975547e-14
2782.0 2786.0 0.0 0.0
2786.0 2790.0 0.7528766393661499 9.624257770943223e-13
2790.0 2794.0 0.4134216010570526 5.284897953289347e-13
2794.0 2798.0 -0.021555064246058464 -2.7554513710873266e-14
2798.0 2802.0 -0.021937599405646324 -2.804351938385033e-14
2802.0 2806.0 -0.02139837108552456 -2.7354209053572463e-14
2806.0 2810.0 0.0 0.0
2810.0 2814.0 0.0 0.0
2814.0 2818.0 0.0 0.0
2818.0 2822.0 0.0 0.0
2822.0 2826.0 0.0 0.0
2826.0 2830.0 -0.022829586640000343 -2.9183778196785123e-14
2830.0 2834.0 0.0 0.0
2834.0 2838.0 0.0 0.0
2838.0 2842.0 0.0 0.0
2842.0 2846.0 0.0 0.0
2846.0 2850.0 -0.03693205490708351 -4.721140402989647e-14
2850.0 2854.0 0.0 0.0
2854.0 2858.0 0.0 0.0
2858.0 2862.0 0.0 0.0
2862.0 2866.0 0.0 0.0
2866.0 2870.0 0.0 0.0
2870.0 2874.0 0.0 0.0
2874.0 2878.0 0.0 0.0
2878.0 2882.0 0.0 0.0
2882.0 2886.0 -0.03698524087667465 -4.727939367050668e-14
2886.0 2890.0 0.4137383699417114 5.28894744840358e-13
2890.0 2894.0 0.0 0.0
2894.0 2898.0 -0.021477339789271355 -2.7455155052094442e-14
2898.0 2902.0 -0.021307894960045815 -2.7238550092756678e-14
2902.0 2906.0 0.0 0.0
2906.0 2910.0 -0.02153290994465351 -2.7526194011314765e-14
2910.0 2914.0 0.0 0.0
2914.0 2918.0 -0.021629756316542625 -2.7649996346885454e-14
2918.0 2922.0 0.0 0.0
2922.0 2926.0 0.3853049874305725 4.925474633189764e-13
2926.0 2930.0 -0.021368108689785004 -2.731552167073957e-14
2930.0 2934.0 0.0 0.0
2934.0 2938.0 -0.015504403971135616 -1.9819764590384842e-14
2938.0 2942.0 0.0 0.0
2942.0 2946.0 0.0 0.0
2946.0 2950.0 0.0 0.0
2950.0 2954.0 -0.021460479125380516 -2.7433603145784503e-14
2954.0 2958.0 0.0 0.0
2958.0 2962.0 -0.04262727499008179 -5.4491780960555167e-14
2962.0 2966.0 -0.015535266138613224 -1.9859217691002053e-14
2966.0 2970.0 0.0 0.0
2970.0 2974.0 -0.021606383845210075 -2.762011641263811e-14
2974.0 2978.0 0.0 0.0
2978.0 2982.0 -0.021419981494545937 -2.738183249204832e-14
2982.0 2986.0 0.0 0.0
2986.0 2990.0 0.0 0.0
2990.0 2994.0 0.0 0.0
2994.0 2998.0 0.0 0.0
2998.0 3002.0 0.0 0.0
3002.0 3006.0 0.0 0.0
3006.0 3010.0 0.4225624203681946 5.401747842428972e-13
3010.0 3014.0 0.0 0.0
3014.0 3018.0 -0.021638095378875732 -2.7660655409493702e-14
3018.0 3022.0 0.0 0.0
3022.0 3026.0 -0.04302807152271271 -5.500413086155856e-14
3026.0 3030.0 0.0 0.0
3030.0 3034.0 0.0 0.0
3034.0 3038.0 0.0 0.0
3038.0 3042.0 -0.02148783765733242 -2.746857544211074e-14
3042.0 3046.0 -0.03206246346235275 -4.098645048030737e-14
3046.0 3050.0 0.0 0.0
3050.0 3054.0 -0.02139538712799549 -2.735039401717803e-14
3054.0 3058.0 -0.021521979942917824 -2.751222135581686e-14
3058.0 3062.0 0.0 0.0
3062.0 3066.0 -0.04253486171364784 -5.4373643581335715e-14
3066.0 3070.0 0.0 0.0
3070.0 3074.0 0.0 0.0
3074.0 3078.0 0.0 0.0
3078.0 3082.0 0.0 0.0
3082.0 3086.0 0.0 0.0
3086.0 3090.0 0.0 0.0
3090.0 3094.0 0.0 0.0
3094.0 3098.0 -0.06449440866708755 -8.244522686079447e-14
3098.0 3102.0 0.0 0.0
3102.0 3106.0 0.0 0.0
3106.0 3110.0 0.0 0.0
3110.0 3114.0 -0.03224821388721466 -4.1223900920477063e-14
3114.0 3118.0 0.0 0.0
3118.0 3122.0 0.0 0.0
3122.0 3126.0 -0.015499986708164215 -1.9814118268758445e-14
3126.0 3130.0 -0.02135968953371048 -2.7304760964177652e-14
3130.0 3134.0 0.42223048210144043 5.397504275125864e-13
3134.0 3138.0 -0.03223411366343498 -4.120587944749128e-14
3138.0 3142.0 -0.02153106778860092 -2.75238392597214e-14
3142.0 3146.0 0.0 0.0
3146.0 3150.0 0.0 0.0
3150.0 3154.0 -0.021527430042624474 -2.7519189048840972e-14
3154.0 3158.0 0.0 0.0
3158.0 3162.0 0.0 0.0
3162.0 3166.0 -0.0213546734303236 -2.7298348924766937e-14
3166.0 3170.0 0.0 0.0
3170.0 3174.0 0.0 0.0
3174.0 3178.0 -0.010602176189422607 -1.3553093821110519e-14
3178.0 3182.0 0.0 0.0
3182.0 3186.0 0.0 0.0
3186.0 3190.0 -0.021442843601107597 -2.7411060210926277e-14
3190.0 3194.0 0.0 0.0
3194.0 3198.0 0.0 0.0
3198.0 3202.0 0.3895520269870758 4.979765514875889e-13
3202.0 3206.0 0.0 0.0
3206.0 3210.0 0.0 0.0
3210.0 3214.0 0.0 0.0
3214.0 3218.0 0.0 0.0
3218.0 3222.0 0.0 0.0
3222.0 3226.0 -0.010641788132488728 -1.3603731144763275e-14
3226.0 3230.0 0.0 0.0
3230.0 3234.0 0.0 0.0
3234.0 3238.0 0.0 0.0
3238.0 3242.0 -0.02133629098534584 -2.7274848842678313e-14
3242.0 3246.0 0.0 0.0
3246.0 3250.0 -0.03698812052607536 -4.7283073181629554e-14
3250.0 3254.0 0.0 0.0
3254.0 3258.0 -0.10797304660081863 -1.3802531979769522e-13
3258.0 3262.0 -0.021725935861468315 -2.777294487324531e-14
3262.0 3266.0 0.0 0.0
3266.0 3270.0 -0.02134346216917038 -2.72840154332335e-14
3270.0 3274.0 -0.03671848773956299 -4.6938395146601045e-14
3274.0 3278.0 -0.026148589327931404 -3.3426562841450125e-14
3278.0 3282.0 0.0 0.0
3282.0 3286.0 -0.021507613360881805 -2.749385598745449e-14
3286.0 3290.0 -0.021577268838882446 -2.7582897784935757e-14
3290.0 3294.0 0.0 0.0
3294.0 3298.0 0.4153233468532562 5.309208476501903e-13
3298.0 3302.0 0.0 0.0
3302.0 3306.0 -0.021404610946774483 -2.736218471580381e-14
3306.0 3310.0 -0.02176903933286667 -2.7828046060530097e-14
3310.0 3314.0 -0.021319033578038216 -2.7252788716600022e-14
3314.0 3318.0 0.0 0.0
3318.0 3322.0 0.0 0.0
3322.0 3326.0 -0.021483050659298897 -2.7462456476099774e-14
3326.0 3330.0 0.0 0.0
3330.0 3334.0 0.0 0.0
3334.0 3338.0 -0.010624347254633904 -1.3581436390558595e-14
3338.0 3342.0 0.0 0.0
3342.0 3346.0 0.0 0.0
3346.0 3350.0 0.0 0.0
3350.0 3354.0 0.0 0.0
3354.0 3358.0 0.0 0.0
3358.0 3362.0 0.0 0.0
3362.0 3366.0 0.0 0.0
3366.0 3370.0 0.0 0.0
3370.0 3374.0 0.0 0.0
3374.0 3378.0 0.0 0.0
3378.0 3382.0 0.0 0.0
3382.0 3386.0 0.0 0.0
3386.0 3390.0 0.0 0.0
3390.0 3394.0 0.39695534110069275 5.074404438309976e-13
3394.0 3398.0 -0.010646278969943523 -1.3609471487046818e-14
3398.0 3402.0 0.0 0.0
3402.0 3406.0 0.0 0.0
3406.0 3410.0 0.0 0.0
3410.0 3414.0 0.0 0.0
3414.0 3418.0 0.0 0.0
3418.0 3422.0 0.0 0.0
3422.0 3426.0 0.0 0.0
3426.0 3430.0 0.0 0.0
3430.0 3434.0 0.0 0.0
3434.0 3438.0 0.0 0.0
3438.0 3442.0 -0.015521214343607426 -1.9841253816256683e-14
3442.0 3446.0 0.0 0.0
3446.0 3450.0 0.0 0.0
3450.0 3454.0 0.0 0.0
3454.0 3458.0 0.0 0.0
3458.0 3462.0 -0.021523887291550636 -2.7514659116639056e-14
3462.0 3466.0 0.0 0.0
3466.0 3470.0 0.0 0.0
3470.0 3474.0 0.0 0.0
3474.0 3478.0 0.0 0.0
3478.0 3482.0 0.3414151966571808 4.364417356163275e-13
3482.0 3486.0 -0.021557819098234177 -2.755803567386795e-14
3486.0 3490.0 0.0 0.0
3490.0 3494.0 0.3953690528869629 5.054126062976894e-13
3494.0 3498.0 -0.021385865285992622 -2.7338222153725986e-14
3498.0 3502.0 0.0 0.0
3502.0 3506.0 -0.021428069099783897 -2.73921730702684e-14
3506.0 3510.0 -0.04331733658909798 -5.537390817688011e-14
3510.0 3514.0 0.0 0.0
3514.0 3518.0 -0.010632303543388844 -1.3591607562189224e-14
3518.0 3522.0 0.0 0.0
3522.0 3526.0 -0.021506529301404953 -2.7492468547486888e-14
3526.0 3530.0 -0.021449241787195206 -2.741923746699907e-14
3530.0 3534.0 0.0 0.0
3534.0 3538.0 -0.02159801870584488 -2.7609423468711973e-14
3538.0 3542.0 -0.02144758030772209 -2.7417113108367357e-14
3542.0 3546.0 -0.010631447657942772 -1.3590512348588425e-14
3546.0 3550.0 -0.010623508132994175 -1.3580363199814423e-14
3550.0 3554.0 0.0 0.0
3554.0 3558.0 0.0 0.0
3558.0 3562.0 -0.015498284250497818 -1.9811941394084e-14
3562.0 3566.0 0.0 0.0
3566.0 3570.0 0.0 0.0
3570.0 3574.0 0.0 0.0
3574.0 3578.0 0.0 0.0
3578.0 3582.0 0.0 0.0
3582.0 3586.0 0.0 0.0
3586.0 3590.0 -0.015560748986899853 -1.989179288408756e-14
3590.0 3594.0 -0.02145330235362053 -2.7424428084899845e-14
3594.0 3598.0 0.0 0.0
3598.0 3602.0 0.0 0.0
3602.0 3606.0 -0.0215122252702713 -2.749975133676738e-14
3606.0 3610.0 0.0 0.0
3610.0 3614.0 -0.021506894379854202 -2.7492936109673773e-14
3614.0 3618.0 -0.015524012967944145 -1.984483337749178e-14
3618.0 3622.0 0.0 0.0
3622.0 3626.0 -0.04290479049086571 -5.484653529952421e-14
3626.0 3630.0 -0.0214448980987072 -2.741368431899687e-14
3630.0 3634.0 0.0 0.0
3634.0 3638.0 0.0 0.0
3638.0 3642.0 -0.010635672137141228 -1.3595913030660118e-14
3642.0 3646.0 0.0 0.0
3646.0 3650.0 -0.021482687443494797 -2.746199230204468e-14
3650.0 3654.0 0.0 0.0
3654.0 3658.0 -0.021616602316498756 -2.7633179354750667e-14
3658.0 3662.0 0.0 0.0
3662.0 3666.0 0.0 0.0
3666.0 3670.0 0.0 0.0
3670.0 3674.0 0.0 0.0
3674.0 3678.0 -0.043004587292671204 -5.4974112013907867e-14
3678.0 3682.0 -0.021494481712579727 -2.7477069488505805e-14
3682.0 3686.0 0.0 0.0
3686.0 3690.0 0.0 0.0
3690.0 3694.0 0.0 0.0
3694.0 3698.0 0.39346402883529663 5.029773797980697e-13
3698.0 3702.0 -0.04284727945923805 -5.477301961596612e-14
3702.0 3706.0 0.0 0.0
3706.0 3710.0 -0.021330369636416435 -2.726727975626165e-14
3710.0 3714.0 -0.0155028710141778 -1.9817804556144895e-14
3714.0 3718.0 0.0 0.0
3718.0 3722.0 -0.021538997069001198 -2.7533974855968243e-14
3722.0 3726.0 0.0 0.0
3726.0 3730.0 -0.024136312305927277 -3.085420509580175e-14
3730.0 3734.0 0.0 0.0
3734.0 3738.0 -0.01551804505288601 -1.9837203304702913e-14
3738.0 3742.0 0.0 0.0
3742.0 3746.0 -0.021740702912211418 -2.779182184950782e-14
3746.0 3750.0 0.0 0.0
3750.0 3754.0 0.0 0.0
3754.0 3758.0 -0.015478113666176796 -1.978615771116958e-14
3758.0 3762.0 -0.010640561580657959 -1.3602163286777907e-14
3762.0 3766.0 0.4264870285987854 5.451917129556394e-13
3766.0 3770.0 0.0 0.0
3770.0 3774.0 -0.042751241475343704 -5.465025066059108e-14
3774.0 3778.0 -0.021381990984082222 -2.7333268705050442e-14
3778.0 3782.0 0.0 0.0
3782.0 3786.0 -0.02131669409573078 -2.724979699623032e-14
3786.0 3790.0 0.0 0.0
3790.0 3794.0 -0.021819906309247017 -2.789306939175902e-14
3794.0 3798.0 0.0 0.0
3798.0 3802.0 0.0 0.0
3802.0 3806.0 -0.02158825285732746 -2.759693989713534e-14
3806.0 3810.0 0.0 0.0
3810.0 3814.0 0.0 0.0
3814.0 3818.0 0.0 0.0
3818.0 3822.0 0.0 0.0
3822.0 3826.0 0.0 0.0
3826.0 3830.0 0.0 0.0
3830.0 3834.0 -0.01548661570996046 -1.9797025143882853e-14
3834.0 3838.0 -0.015505471266806126 -1.982112831342992e-14
3838.0 3842.0 0.0 0.0
3842.0 3846.0 0.0 0.0
3846.0 3850.0 -0.021427111700177193 -2.739094826062667e-14
3850.0 3854.0 -0.021502234041690826 -2.748697977398868e-14
3854.0 3858.0 -0.0155343534424901 -1.9858050479600736e-14
3858.0 3862.0 0.0 0.0
3862.0 3866.0 0.0 0.0
3866.0 3870.0 0.0 0.0
3870.0 3874.0 0.0 0.0
3874.0 3878.0 0.0 0.0
3878.0 3882.0 0.41067129373550415 5.249739987341073e-13
3882.0 3886.0 0.0 0.0
3886.0 3890.0 0.39393526315689087 5.035797625251026e-13
3890.0 3894.0 0.0 0.0
3894.0 3898.0 0.0 0.0
3898.0 3902.0 0.0 0.0
3902.0 3906.0 0.0 0.0
3906.0 3910.0 0.0 0.0
3910.0 3914.0 0.0 0.0
3914.0 3918.0 0.0 0.0
3918.0 3922.0 -0.02173544093966484 -2.7785094713840726e-14
3922.0 3926.0 0.0 0.0
3926.0 3930.0 0.0 0.0
3930.0 3934.0 -0.010638229548931122 -1.3599181730803572e-14
3934.0 3938.0 0.0 0.0
3938.0 3942.0 0.0 0.0
3942.0 3946.0 0.0 0.0
3946.0 3950.0 0.0 0.0
3950.0 3954.0 -0.03226590156555176 -4.1246513312036964e-14
3954.0 3958.0 0.0 0.0
3958.0 3962.0 0.0 0.0
3962.0 3966.0 0.0 0.0
3966.0 3970.0 0.0 0.0
3970.0 3974.0 0.0 0.0
3974.0 3978.0 0.0 0.0
3978.0 3982.0 0.0 0.0
3982.0 3986.0 -0.021652020514011383 -2.76784566539132e-14
3986.0 3990.0 0.0 0.0
3990.0 3994.0 0.0 0.0
3994.0 3998.0 0.0 0.0
3998.0 4002.0 0.0 0.0
4002.0 4006.0 0.0 0.0
4006.0 4010.0 0.0 0.0
4010.0 4014.0 -0.021598437801003456 -2.7609960487600532e-14
4014.0 4018.0 0.0 0.0
4018.0 4022.0 -0.010625001974403858 -1.3582273259110482e-14
4022.0 4026.0 -0.02133827656507492 -2.7277388247454182e-14
4026.0 4030.0 -0.021674636751413345 -2.7707367582468882e-14
4030.0 4034.0 0.0 0.0
4034.0 4038.0 0.0 0.0
4038.0 4042.0 0.0 0.0
4042.0 4046.0 -0.010650797747075558 -1.3615248251747092e-14
4046.0 4050.0 0.38336247205734253 4.900642608732242e-13
4050.0 4054.0 0.0 0.0
4054.0 4058.0 0.0 0.0
4058.0 4062.0 -0.04297013208270073 -5.493006630065064e-14
4062.0 4066.0 0.0 0.0
4066.0 4070.0 0.0 0.0
4070.0 4074.0 0.0 0.0
4074.0 4078.0 0.0 0.0
4078.0 4082.0 -0.010659879073500633 -1.3626856838289212e-14
4082.0 4086.0 -0.01063793245702982 -1.359880310707615e-14
4086.0 4090.0 0.0 0.0
4090.0 4094.0 0.0 0.0
4094.0 4098.0 0.0 0.0
4098.0 4102.0 0.0 0.0
4102.0 4106.0 0.0 0.0
4106.0 4110.0 0.0 0.0
4110.0 4114.0 0.0 0.0
4114.0 4118.0 -0.021646693348884583 -2.7671646509017274e-14
4118.0 4122.0 0.41178691387176514 5.264001040616861e-13
4122.0 4126.0 0.0 0.0
4126.0 4130.0 0.0 0.0
4130.0 4134.0 0.0 0.0
4134.0 4138.0 0.0 0.0
4138.0 4142.0 0.0 0.0
4142.0 4146.0 0.0 0.0
4146.0 4150.0 0.0 0.0
4150.0 4154.0 0.0 0.0
4154.0 4158.0 0.4173601269721985 5.335245049573056e-13
4158.0 4162.0 0.0 0.0
4162.0 4166.0 0.0 0.0
4166.0 4170.0 0.0 0.0
4170.0 4174.0 0.0 0.0
4174.0 4178.0 0.0 0.0
4178.0 4182.0 0.0 0.0
4182.0 4186.0 0.0 0.0
4186.0 4190.0 0.0 0.0
4190.0 4194.0 0.0 0.0
4194.0 4198.0 0.0 0.0
4198.0 4202.0 0.0 0.0
4202.0 4206.0 0.0 0.0
4206.0 4210.0 0.0 0.0
4210.0 4214.0 0.0 0.0
4214.0 4218.0 0.0 0.0
4218.0 4222.0 0.0 0.0
4222.0 4226.0 0.0 0.0
4226.0 4230.0 0.0 0.0
4230.0 4234.0 0.0 0.0
4234.0 4238.0 0.0 0.0
4238.0 4242.0 0.0 0.0
4242.0 4246.0 0.0 0.0
4246.0 4250.0 0.0 0.0
4250.0 4254.0 -0.02144291251897812 -2.7411146608286897e-14
4254.0 4258.0 0.0 0.0
4258.0 4262.0 0.0 0.0
4262.0 4266.0 0.0 0.0
4266.0 4270.0 -0.02155221439898014 -2.7550871469200072e-14
4270.0 4274.0 -0.010626540519297123 -1.3584240069614006e-14
4274.0 4278.0 0.0 0.0
4278.0 4282.0 -0.021416304633021355 -2.7377133153256954e-14
4282.0 4286.0 0.0 0.0
4286.0 4290.0 0.0 0.0
4290.0 4294.0 0.0 0.0
4294.0 4298.0 -0.021583834663033485 -2.7591291881443047e-14
4298.0 4302.0 0.0 0.0
4302.0 4306.0 0.0 0.0
4306.0 4310.0 0.0 0.0
4310.0 4314.0 0.0 0.0
4314.0 4318.0 0.0 0.0
4318.0 4322.0 0.0 0.0
4322.0 4326.0 0.0 0.0
4326.0 4330.0 0.0 0.0
4330.0 4334.0 -0.021403800696134567 -2.736114794747637e-14
4334.0 4338.0 -0.04289417341351509 -5.48329658317092e-14
4338.0 4342.0 0.0 0.0
4342.0 4346.0 0.0 0.0
4346.0 4350.0 0.0 0.0
4350.0 4354.0 0.0 0.0
4354.0 4358.0 0.0 0.0
4358.0 4362.0 0.3868822157382965 4.945636456789304e-13
4362.0 4366.0 -0.021243514493107796 -2.7156250677535555e-14
4366.0 4370.0 0.0 0.0
4370.0 4374.0 -0.021640924736857414 -2.7664272240178478e-14
4374.0 4378.0 -0.02130301296710968 -2.7232309154001308e-14
4378.0 4382.0 -0.010608086362481117 -1.3560649355000027e-14
4382.0 4386.0 -0.02141425386071205 -2.737451243331815e-14
4386.0 4390.0 0.0 0.0
4390.0 4394.0 0.0 0.0
4394.0 4398.0 0.0 0.0
4398.0 4402.0 0.0 0.0
4402.0 4406.0 0.0 0.0
4406.0 4410.0 -0.02154143527150154 -2.7537090243148245e-14
4410.0 4414.0 0.0 0.0
4414.0 4418.0 0.0 0.0
4418.0 4422.0 0.0 0.0
4422.0 4426.0 -0.015498463064432144 -1.9812171787045654e-14
4426.0 4430.0 -0.02327909506857395 -2.9758395183807074e-14
4430.0 4434.0 0.0 0.0
4434.0 4438.0 0.0 0.0
4438.0 4442.0 0.0 0.0
4442.0 4446.0 0.0 0.0
4446.0 4450.0 0.0 0.0
4450.0 4454.0 0.0 0.0
4454.0 4458.0 0.0 0.0
4458.0 4462.0 0.0 0.0
4462.0 4466.0 0.0 0.0
4466.0 4470.0 0.0 0.0
4470.0 4474.0 0.0 0.0
4474.0 4478.0 0.0 0.0
4478.0 4482.0 0.0 0.0
4482.0 4486.0 -0.015502357855439186 -1.981714895264372e-14
4486.0 4490.0 0.0 0.0
4490.0 4494.0 0.0 0.0
4494.0 4498.0 0.0 0.0
4498.0 4502.0 0.0 0.0
4502.0 4506.0 0.0 0.0
4506.0 4510.0 0.0 0.0
4510.0 4514.0 0.0 0.0
4514.0 4518.0 0.0 0.0
4518.0 4522.0 0.0 0.0
4522.0 4526.0 0.0 0.0
4526.0 4530.0 -0.036902278661727905 -4.7173338369246864e-14
4530.0 4534.0 -0.02159840241074562 -2.760991474782138e-14
4534.0 4538.0 0.0 0.0
4538.0 4542.0 0.0 0.0
4542.0 4546.0 0.0 0.0
4546.0 4550.0 0.0 0.0
4550.0 4554.0 0.0 0.0
4554.0 4558.0 0.0 0.0
4558.0 4562.0 0.0 0.0
4562.0 4566.0 0.0 0.0
4566.0 4570.0 0.0 0.0
4570.0 4574.0 0.0 0.0
4574.0 4578.0 0.0 0.0
4578.0 4582.0 0.0 0.0
4582.0 4586.0 -0.010650950483977795 -1.361544306932496e-14
4586.0 4590.0 0.0 0.0
4590.0 4594.0 -0.02161564864218235 -2.7631961321372515e-14
4594.0 4598.0 0.0 0.0
4598.0 4602.0 0.0 0.0
4602.0 4606.0 0.0 0.0
4606.0 4610.0 0.0 0.0
4610.0 4614.0 0.0 0.0
4614.0 4618.0 -0.04277163743972778 -5.4676325722839356e-14
4618.0 4622.0 0.0 0.0
4622.0 4626.0 0.0 0.0
4626.0 4630.0 -0.010618909262120724 -1.3574483944127531e-14
4630.0 4634.0 0.0 0.0
4634.0 4638.0 -0.015506451949477196 -1.9822381922191858e-14
4638.0 4642.0 0.4127463102340698 5.276265535592017e-13
4642.0 4646.0 -0.02136324718594551 -2.7309307837038513e-14
4646.0 4650.0 -0.015527235344052315 -1.9848949957615436e-14
4650.0 4654.0 -0.021609708666801453 -2.7624368518033328e-14
4654.0 4658.0 0.0 0.0
4658.0 4662.0 0.0 0.0
4662.0 4666.0 0.0 0.0
4666.0 4670.0 0.0 0.0
4670.0 4674.0 0.0 0.0
4674.0 4678.0 0.0 0.0
4678.0 4682.0 0.0 0.0
4682.0 4686.0 0.0 0.0
4686.0 4690.0 0.0 0.0
4690.0 4694.0 -0.015485845506191254 -1.9796040891598143e-14
4694.0 4698.0 0.0 0.0
4698.0 4702.0 -0.03697923943400383 -4.7271722940136346e-14
4702.0 4706.0 0.0 0.0
4706.0 4710.0 0.0 0.0
4710.0 4714.0 0.0 0.0
4714.0 4718.0 0.0 0.0
4718.0 4722.0 0.0 0.0
4722.0 4726.0 -0.015479869209229946 -1.9788402348479804e-14
4726.0 4730.0 -0.015463141724467278 -1.9767018154693422e-14
4730.0 4734.0 -0.03675651177763939 -4.6987001285246285e-14
4734.0 4738.0 -0.021529076620936394 -2.7521293078681952e-14
4738.0 4742.0 0.0 0.0
4742.0 4746.0 0.0 0.0
4746.0 4750.0 -0.02136305905878544 -2.7309067279681493e-14
4750.0 4754.0 0.0 0.0
4754.0 4758.0 0.0 0.0
4758.0 4762.0 0.0 0.0
4762.0 4766.0 -0.021569978445768356 -2.7573578728450066e-14
4766.0 4770.0 0.0 0.0
4770.0 4774.0 0.0 0.0
4774.0 4778.0 -0.010630721226334572 -1.3589584000478234e-14
4778.0 4782.0 0.0 0.0
4782.0 4786.0 -0.021774772554636 -2.783537458958974e-14
4786.0 4790.0 -0.015490693971514702 -1.9802237784640256e-14
4790.0 4794.0 -0.015499108470976353 -1.9812995103070385e-14
4794.0 4798.0 0.0 0.0
4798.0 4802.0 -0.015523001551628113 -1.9843539111148376e-14
4802.0 4806.0 -0.021423624828457832 -2.738649117325822e-14
4806.0 4810.0 0.0 0.0
4810.0 4814.0 -0.010617772117257118 -1.3573030435590043e-14
4814.0 4818.0 0.0 0.0
4818.0 4822.0 0.0 0.0
4822.0 4826.0 -0.02139142155647278 -2.7345323677955766e-14
4826.0 4830.0 0.0 0.0
4830.0 4834.0 -0.02159649319946766 -2.7607475292933288e-14
4834.0 4838.0 0.0 0.0
4838.0 4842.0 0.0 0.0
4842.0 4846.0 0.0 0.0
4846.0 4850.0 -0.015488550998270512 -1.979950017415473e-14
4850.0 4854.0 0.4560728669166565 5.830122083889944e-13
4854.0 4858.0 0.0 0.0
4858.0 4862.0 0.0 0.0
4862.0 4866.0 0.0 0.0
4866.0 4870.0 0.0 0.0
4870.0 4874.0 0.0 0.0
4874.0 4878.0 0.0 0.0
4878.0 4882.0 0.0 0.0
4882.0 4886.0 0.0 0.0
4886.0 4890.0 -0.021361570805311203 -2.7307166537747854e-14
4890.0 4894.0 -0.021411048248410225 -2.7370414487919333e-14
4894.0 4898.0 0.0 0.0
4898.0 4902.0 -0.015521315857768059 -1.9841382565264666e-14
4902.0 4906.0 0.0 0.0
4906.0 4910.0 0.0 0.0
4910.0 4914.0 0.0 0.0
4914.0 4918.0 0.0 0.0
4918.0 4922.0 0.0 0.0
4922.0 4926.0 0.0 0.0
4926.0 4930.0 0.0 0.0
4930.0 4934.0 0.0 0.0
4934.0 4938.0 0.0 0.0
4938.0 4942.0 0.0 0.0
4942.0 4946.0 -0.021540435031056404 -2.7535812917463785e-14
4946.0 4950.0 -0.02337142638862133 -2.9876427530941066e-14
4950.0 4954.0 0.0 0.0
4954.0 4958.0 -0.010644178837537766 -1.3606788086669916e-14
4958.0 4962.0 0.0 0.0
4962.0 4966.0 -0.010653430595993996 -1.361861436067948e-14
4966.0 4970.0 -0.010618050582706928 -1.357338618942789e-14
4970.0 4974.0 0.0 0.0
4974.0 4978.0 0.0 0.0
4978.0 4982.0 0.0 0.0
4982.0 4986.0 0.0 0.0
4986.0 4990.0 0.0 0.0
4990.0 4994.0 -0.021504633128643036 -2.749004603325774e-14
4994.0 4998.0 0.0 0.0
4998.0 5002.0 0.0 0.0
5002.0 5006.0 0.0 0.0
5006.0 5010.0 -0.026139261201024055 -3.3414636617552784e-14
5010.0 5014.0 0.409652441740036 5.236715466643005e-13
5014.0 5018.0 0.0 0.0
5018.0 5022.0 -0.015459740534424782 -1.9762671181608113e-14
5022.0 5026.0 0.3999396860599518 5.11255480225431e-13
5026.0 5030.0 0.0 0.0
5030.0 5034.0 0.0 0.0
5034.0 5038.0 0.0 0.0
5038.0 5042.0 0.0 0.0
5042.0 5046.0 0.0 0.0
5046.0 5050.0 0.0 0.0
5050.0 5054.0 0.0 0.0
5054.0 5058.0 0.0 0.0
5058.0 5062.0 0.0 0.0
5062.0 5066.0 0.0 0.0
5066.0 5070.0 -0.0217148344963789 -2.7758753683247012e-14
5070.0 5074.0 0.0 0.0
5074.0 5078.0 0.42380473017692566 5.417628693750454e-13
5078.0 5082.0 -0.021472757682204247 -2.7449298666297126e-14
5082.0 5086.0 0.0 0.0
5086.0 5090.0 -0.04324144870042801 -5.527689579936518e-14
5090.0 5094.0 -0.02346104197204113 -2.9990983654859527e-14
5094.0 5098.0 0.0 0.0
5098.0 5102.0 0.0 0.0
5102.0 5106.0 0.0 0.0
5106.0 5110.0 0.0 0.0
5110.0 5114.0 0.0 0.0
5114.0 5118.0 0.0 0.0
5118.0 5122.0 0.0 0.0
5122.0 5126.0 0.0 0.0
5126.0 5130.0 0.0 0.0
5130.0 5134.0 0.0 0.0
5134.0 5138.0 0.0 0.0
5138.0 5142.0 0.0 0.0
5142.0 5146.0 0.0 0.0
5146.0 5150.0 0.0 0.0
5150.0 5154.0 0.0 0.0
5154.0 5158.0 0.0 0.0
5158.0 5162.0 -0.010618379339575768 -1.3573807164802675e-14
5162.0 5166.0 0.0 0.0
5166.0 5170.0 -0.02153923735022545 -2.7534283175961044e-14
5170.0 5174.0 0.0 0.0
5174.0 5178.0 0.0 0.0
5178.0 5182.0 0.0 0.0
5182.0 5186.0 0.0 0.0
5186.0 5190.0 0.4105411767959595 5.248076279107394e-13
5190.0 5194.0 0.0 0.0
5194.0 5198.0 0.0 0.0
5198.0 5202.0 0.0 0.0
5202.0 5206.0 0.0 0.0
5206.0 5210.0 0.0 0.0
5210.0 5214.0 0.0 0.0
5214.0 5218.0 -0.02144552394747734 -2.741448391809908e-14
5218.0 5222.0 -0.021600309759378433 -2.7612352508643578e-14
5222.0 5226.0 0.0 0.0
5226.0 5230.0 0.3994571566581726 5.106385691892867e-13
5230.0 5234.0 0.0 0.0
5234.0 5238.0 0.0 0.0
5238.0 5242.0 0.0 0.0
5242.0 5246.0 0.0 0.0
5246.0 5250.0 0.0 0.0
5250.0 5254.0 0.0 0.0
5254.0 5258.0 -0.021618640050292015 -2.763578482809642e-14
5258.0 5262.0 -0.021448615938425064 -2.7418437867896862e-14
5262.0 5266.0 0.0 0.0
5266.0 5270.0 0.0 0.0
5270.0 5274.0 0.0 0.0
5274.0 5278.0 0.0 0.0
5278.0 5282.0 0.0 0.0
5282.0 5286.0 -0.02139047160744667 -2.7344109032709403e-14
5286.0 5290.0 0.0 0.0
5290.0 5294.0 0.0 0.0
5294.0 5298.0 0.0 0.0
5298.0 5302.0 0.0 0.0
5302.0 5306.0 -0.021441251039505005 -2.7409022249655184e-14
5306.0 5310.0 0.0 0.0
5310.0 5314.0 0.0 0.0
5314.0 5318.0 0.0 0.0
5318.0 5322.0 -0.010638581588864326 -1.3599632352331512e-14
5322.0 5326.0 0.0 0.0
5326.0 5330.0 -0.021359046921133995 -2.7303939342218815e-14
5330.0 5334.0 0.0 0.0
5334.0 5338.0 0.0 0.0
5338.0 5342.0 0.4078768193721771 5.214017152060935e-13
5342.0 5346.0 0.0 0.0
5346.0 5350.0 0.0 0.0
5350.0 5354.0 0.0 0.0
5354.0 5358.0 -0.021693067625164986 -2.7730926956863813e-14
5358.0 5362.0 0.0 0.0
5362.0 5366.0 0.0 0.0
5366.0 5370.0 0.0 0.0
5370.0 5374.0 0.0 0.0
5374.0 5378.0 0.0 0.0
5378.0 5382.0 0.0 0.0
5382.0 5386.0 0.0 0.0
5386.0 5390.0 0.0 0.0
5390.0 5394.0 0.0 0.0
5394.0 5398.0 0.0 0.0
5398.0 5402.0 0.0 0.0
5402.0 5406.0 0.0 0.0
5406.0 5410.0 0.0 0.0
5410.0 5414.0 0.0 0.0
5414.0 5418.0 0.0 0.0
5418.0 5422.0 0.0 0.0
5422.0 5426.0 0.0 0.0
5426.0 5430.0 -0.021431811153888702 -2.73969554182886e-14
5430.0 5434.0 0.0 0.0
5434.0 5438.0 0.0 0.0
5438.0 5442.0 0.0 0.0
5442.0 5446.0 0.0 0.0
5446.0 5450.0 0.0 0.0
5450.0 5454.0 -0.01061057299375534 -1.3563827422618125e-14
5454.0 5458.0 0.0 0.0
5458.0 5462.0 0.0 0.0
5462.0 5466.0 0.0 0.0
5466.0 5470.0 0.0 0.0
5470.0 5474.0 0.0 0.0
5474.0 5478.0 0.3621034026145935 4.628881371086802e-13
5478.0 5482.0 0.0 0.0
5482.0 5486.0 0.0 0.0
5486.0 5490.0 0.0 0.0
5490.0 5494.0 0.0 0.0
5494.0 5498.0 -0.01549335103482008 -1.980563608082464e-14
5498.0 5502.0 0.0 0.0
5502.0 5506.0 0.0 0.0
5506.0 5510.0 0.0 0.0
5510.0 5514.0 0.0 0.0
5514.0 5518.0 0.0 0.0
5518.0 5522.0 -0.023692039772868156 -3.028627628093132e-14
5522.0 5526.0 0.0 0.0
5526.0 5530.0 0.0 0.0
5530.0 5534.0 0.0 0.0
5534.0 5538.0 0.0 0.0
5538.0 5542.0 0.0 0.0
5542.0 5546.0 0.0 0.0
5546.0 5550.0 0.0 0.0
5550.0 5554.0 0.0 0.0
5554.0 5558.0 0.0 0.0
5558.0 5562.0 0.0 0.0
5562.0 5566.0 -0.010635027661919594 -1.359508886760244e-14
5566.0 5570.0 0.0 0.0
5570.0 5574.0 0.0 0.0
5574.0 5578.0 0.0 0.0
5578.0 5582.0 0.0 0.0
5582.0 5586.0 0.0 0.0
5586.0 5590.0 0.0 0.0
5590.0 5594.0 -0.021530862897634506 -2.752357667950775e-14
5594.0 5598.0 0.0 0.0
5598.0 5602.0 0.0 0.0
5602.0 5606.0 0.0 0.0
5606.0 5610.0 0.0 0.0
5610.0 5614.0 0.38958728313446045 4.980216542979643e-13
5614.0 5618.0 -0.015529804863035679 -1.9852234751384888e-14
5618.0 5622.0 0.41288796067237854 5.278076153220068e-13
5622.0 5626.0 0.0 0.0
5626.0 5630.0 0.0 0.0
5630.0 5634.0 0.0 0.0
5634.0 5638.0 0.0 0.0
5638.0 5642.0 0.0 0.0
5642.0 5646.0 -0.010630163364112377 -1.3588870798736646e-14
5646.0 5650.0 0.0 0.0
5650.0 5654.0 0.0 0.0
5654.0 5658.0 0.0 0.0
5658.0 5662.0 0.0 0.0
5662.0 5666.0 0.4104674756526947 5.247134649520591e-13
5666.0 5670.0 0.0 0.0
5670.0 5674.0 0.0 0.0
5674.0 5678.0 -0.015465456061065197 -1.976997768781113e-14
5678.0 5682.0 0.0 0.0
5682.0 5686.0 0.0 0.0
5686.0 5690.0 -0.015522281639277935 -1.9842619233367657e-14
5690.0 5694.0 -0.010622859932482243 -1.3579534801592009e-14
5694.0 5698.0 0.0 0.0
5698.0 5702.0 0.0 0.0
5702.0 5706.0 0.0 0.0
5706.0 5710.0 0.0 0.0
5710.0 5714.0 0.0 0.0
5714.0 5718.0 0.4234011173248291 5.412468975611595e-13
5718.0 5722.0 0.0 0.0
5722.0 5726.0 0.0 0.0
5726.0 5730.0 0.0 0.0
5730.0 5734.0 0.0 0.0
5734.0 5738.0 -0.021440735086798668 -2.740836325802222e-14
5738.0 5742.0 -0.01065146829932928 -1.3616105449089713e-14
5742.0 5746.0 0.0 0.0
5746.0 5750.0 0.0 0.0
5750.0 5754.0 0.0 0.0
5754.0 5758.0 -0.010650362819433212 -1.3614692598133693e-14
5758.0 5762.0 -0.015475781634449959 -1.9783176155195245e-14
5762.0 5766.0 0.0 0.0
5766.0 5770.0 0.0 0.0
5770.0 5774.0 0.0 0.0
5774.0 5778.0 0.0 0.0
5778.0 5782.0 0.0 0.0
5782.0 5786.0 0.0 0.0
5786.0 5790.0 0.0 0.0
5790.0 5794.0 0.0 0.0
5794.0 5798.0 -0.023934388533234596 -3.0596076887323687e-14
5798.0 5802.0 -0.015463597141206264 -1.9767600913361133e-14
5802.0 5806.0 -0.021330414339900017 -2.7267337354502062e-14
5806.0 5810.0 0.0 0.0
5810.0 5814.0 -0.015511100180447102 -1.9828324705349794e-14
5814.0 5818.0 0.0 0.0
5818.0 5822.0 0.0 0.0
5822.0 5826.0 0.0 0.0
5826.0 5830.0 0.0 0.0
5830.0 5834.0 0.0 0.0
5834.0 5838.0 0.0 0.0
5838.0 5842.0 0.0 0.0
5842.0 5846.0 0.0 0.0
5846.0 5850.0 0.0 0.0
5850.0 5854.0 0.3892563283443451 4.975985444001518e-13
5854.0 5858.0 0.0 0.0
5858.0 5862.0 0.0 0.0
5862.0 5866.0 -0.010631830431520939 -1.3591001933631938e-14
5866.0 5870.0 0.0 0.0
5870.0 5874.0 0.0 0.0
5874.0 5878.0 0.0 0.0
5878.0 5882.0 -0.021474340930581093 -2.7451323075041063e-14
5882.0 5886.0 0.0 0.0
5886.0 5890.0 0.41513192653656006 5.30676197429969e-13
5890.0 5894.0 0.0 0.0
5894.0 5898.0 0.0 0.0
5898.0 5902.0 0.0 0.0
5902.0 5906.0 0.0 0.0
5906.0 5910.0 0.0 0.0
5910.0 5914.0 0.0 0.0
5914.0 5918.0 0.0 0.0
5918.0 5922.0 0.0 0.0
5922.0 5926.0 0.0 0.0
5926.0 5930.0 0.0 0.0
5930.0 5934.0 0.0 0.0
5934.0 5938.0 0.0 0.0
5938.0 5942.0 0.0 0.0
5942.0 5946.0 0.0 0.0
5946.0 5950.0 0.0 0.0
5950.0 5954.0 0.0 0.0
5954.0 5958.0 0.0 0.0
5958.0 5962.0 0.0 0.0
5962.0 5966.0 0.0 0.0
5966.0 5970.0 -0.010635015554726124 -1.3595073621009389e-14
5970.0 5974.0 0.0 0.0
5974.0 5978.0 0.38422006368637085 4.911605518999329e-13
5978.0 5982.0 0.0 0.0
5982.0 5986.0 0.0 0.0
5986.0 5990.0 0.0 0.0
5990.0 5994.0 0.0 0.0
5994.0 5998.0 0.0 0.0
5998.0 6002.0 -0.021573256701231003 -2.757776984747308e-14
6002.0 6006.0 0.0 0.0
6006.0 6010.0 0.0 0.0
6010.0 6014.0 0.0 0.0
6014.0 6018.0 0.0 0.0
6018.0 6022.0 -0.031033117324113846 -3.967060512553855e-14
6022.0 6026.0 -0.021415432915091515 -2.737602015196426e-14
6026.0 6030.0 0.0 0.0
6030.0 6034.0 -0.021832415834069252 -2.7909061373803182e-14
6034.0 6038.0 0.0 0.0
6038.0 6042.0 0.0 0.0
6042.0 6046.0 0.0 0.0
6046.0 6050.0 0.0 0.0
6050.0 6054.0 0.0 0.0
6054.0 6058.0 0.0 0.0
6058.0 6062.0 0.0 0.0
6062.0 6066.0 0.4236350357532501 5.41545920520331e-13
6066.0 6070.0 0.0 0.0
6070.0 6074.0 0.0 0.0
6074.0 6078.0 -0.015481002628803253 -1.978985077481961e-14
6078.0 6082.0 0.0 0.0
6082.0 6086.0 -0.021290242671966553 -2.721598344097593e-14
6086.0 6090.0 0.0 0.0
6090.0 6094.0 0.0 0.0
6094.0 6098.0 0.0 0.0
6098.0 6102.0 0.0 0.0
6102.0 6106.0 0.0 0.0
6106.0 6110.0 0.0 0.0
6110.0 6114.0 -0.02155526913702488 -2.7554776291086915e-14
6114.0 6118.0 -0.02164899930357933 -2.767459418367372e-14
6118.0 6122.0 0.0 0.0
6122.0 6126.0 0.0 0.0
6126.0 6130.0 -0.0213470421731472 -2.7288592799280462e-14
6130.0 6134.0 0.0 0.0
6134.0 6138.0 0.0 0.0
6138.0 6142.0 0.0 0.0
6142.0 6146.0 0.0 0.0
6146.0 6150.0 0.0 0.0
6150.0 6154.0 0.0 0.0
6154.0 6158.0 -0.021714039146900177 -2.7757737243710306e-14
6158.0 6162.0 0.0 0.0
6162.0 6166.0 0.0 0.0
6166.0 6170.0 -0.021291060373187065 -2.7217030373698735e-14
6170.0 6174.0 -0.010663731954991817 -1.3631782334877496e-14
6174.0 6178.0 0.0 0.0
6178.0 6182.0 0.0 0.0
6182.0 6186.0 0.0 0.0
6186.0 6190.0 0.0 0.0
6190.0 6194.0 0.0 0.0
6194.0 6198.0 0.0 0.0
6198.0 6202.0 -0.021424470469355583 -2.7387571987298916e-14
6202.0 6206.0 -0.02126312255859375 -2.7181316076510705e-14
6206.0 6210.0 -0.021620089188218117 -2.7637638136185014e-14
6210.0 6214.0 0.0 0.0
6214.0 6218.0 0.0 0.0
6218.0 6222.0 0.0 0.0
6222.0 6226.0 0.0 0.0
6226.0 6230.0 0.0 0.0
6230.0 6234.0 0.0 0.0
6234.0 6238.0 0.0 0.0
6238.0 6242.0 0.0 0.0
6242.0 6246.0 -0.021796703338623047 -2.786340799201207e-14
6246.0 6250.0 0.0 0.0
6250.0 6254.0 -0.015507355332374573 -1.9823537275131912e-14
6254.0 6258.0 0.0 0.0
6258.0 6262.0 0.0 0.0
6262.0 6266.0 0.0 0.0
6266.0 6270.0 -0.01550491712987423 -1.9820420193886017e-14
6270.0 6274.0 0.0 0.0
6274.0 6278.0 0.0 0.0
6278.0 6282.0 0.0 0.0
6282.0 6286.0 -0.01546658854931593 -1.9771426114150933e-14
6286.0 6290.0 0.38441553711891174 4.914104062905822e-13
6290.0 6294.0 0.0 0.0
6294.0 6298.0 0.0 0.0
6298.0 6302.0 -0.015473674982786179 -1.978048428448887e-14
6302.0 6306.0 0.0 0.0
6306.0 6310.0 -0.021424150094389915 -2.7387162023352445e-14
6310.0 6314.0 0.0 0.0
6314.0 6318.0 0.0 0.0
6318.0 6322.0 -0.031917672604322433 -4.080136361693694e-14
6322.0 6326.0 0.0 0.0
6326.0 6330.0 0.0 0.0
6330.0 6334.0 0.0 0.0
6334.0 6338.0 0.0 0.0
6338.0 6342.0 0.0 0.0
6342.0 6346.0 0.0 0.0
6346.0 6350.0 -0.021372532472014427 -2.7321178156761335e-14
6350.0 6354.0 0.0 0.0
6354.0 6358.0 0.0 0.0
6358.0 6362.0 0.0 0.0
6362.0 6366.0 0.0 0.0
6366.0 6370.0 0.0 0.0
6370.0 6374.0 0.0 0.0
6374.0 6378.0 0.0 0.0
6378.0 6382.0 0.0 0.0
6382.0 6386.0 -0.01548865344375372 -1.9799630617228607e-14
6386.0 6390.0 0.0 0.0
6390.0 6394.0 0.0 0.0
6394.0 6398.0 0.0 0.0
6398.0 6402.0 0.0 0.0
6402.0 6406.0 -0.02167452871799469 -2.7707228669065533e-14
6406.0 6410.0 0.0 0.0
6410.0 6414.0 0.0 0.0
6414.0 6418.0 0.0 0.0
6418.0 6422.0 -0.010638982988893986 -1.36001448072646e-14
6422.0 6426.0 0.0 0.0
6426.0 6430.0 0.0 0.0
6430.0 6434.0 0.0 0.0
6434.0 6438.0 0.0 0.0
6438.0 6442.0 0.0 0.0
6442.0 6446.0 0.0 0.0
6446.0 6450.0 -0.03224508836865425 -4.121990631309781e-14
6450.0 6454.0 0.0 0.0
6454.0 6458.0 0.0 0.0
6458.0 6462.0 -0.010644415393471718 -1.3607089630399138e-14
6462.0 6466.0 0.0 0.0
6466.0 6470.0 0.0 0.0
6470.0 6474.0 0.0 0.0
6474.0 6478.0 0.0 0.0
6478.0 6482.0 0.0 0.0
6482.0 6486.0 0.0 0.0
6486.0 6490.0 0.0 0.0
6490.0 6494.0 0.0 0.0
6494.0 6498.0 0.0 0.0
6498.0 6502.0 0.0 0.0
6502.0 6506.0 0.0 0.0
6506.0 6510.0 -0.02154306322336197 -2.7539172250132596e-14
6510.0 6514.0 0.0 0.0
6514.0 6518.0 0.0 0.0
6518.0 6522.0 0.0 0.0
6522.0 6526.0 -0.010647350922226906 -1.3610841986355475e-14
6526.0 6530.0 -0.02167707309126854 -2.7710482969648884e-14
6530.0 6534.0 0.0 0.0
6534.0 6538.0 0.0 0.0
6538.0 6542.0 0.0 0.0
6542.0 6546.0 0.0 0.0
6546.0 6550.0 0.0 0.0
6550.0 6554.0 0.0 0.0
6554.0 6558.0 -0.021397488191723824 -2.735308080568672e-14
6558.0 6562.0 0.0 0.0
6562.0 6566.0 0.0 0.0
6566.0 6570.0 0.0 0.0
6570.0 6574.0 0.0 0.0
6574.0 6578.0 0.0 0.0
6578.0 6582.0 0.0 0.0
6582.0 6586.0 -0.021257760003209114 -2.7174460191835628e-14
6586.0 6590.0 0.0 0.0
6590.0 6594.0 0.0 0.0
6594.0 6598.0 0.0 0.0
6598.0 6602.0 0.0 0.0
6602.0 6606.0 0.0 0.0
6606.0 6610.0 0.0 0.0
6610.0 6614.0 0.0 0.0
6614.0 6618.0 0.0 0.0
6618.0 6622.0 0.0 0.0
6622.0 6626.0 -0.010610290803015232 -1.3563466586582595e-14
6626.0 6630.0 0.0 0.0
6630.0 6634.0 0.0 0.0
6634.0 6638.0 0.0 0.0
6638.0 6642.0 0.0 0.0
6642.0 6646.0 0.0 0.0
6646.0 6650.0 0.0 0.0
6650.0 6654.0 0.0 0.0
6654.0 6658.0 0.0 0.0
6658.0 6662.0 0.0 0.0
6662.0 6666.0 0.0 0.0
6666.0 6670.0 -0.02148129977285862 -2.7460218615053128e-14
6670.0 6674.0 0.0 0.0
6674.0 6678.0 0.0 0.0
6678.0 6682.0 0.0 0.0
6682.0 6686.0 0.0 0.0
6686.0 6690.0 0.0 0.0
6690.0 6694.0 0.0 0.0
6694.0 6698.0 0.0 0.0
6698.0 6702.0 0.0 0.0
6702.0 6706.0 0.0 0.0
6706.0 6710.0 0.0 0.0
6710.0 6714.0 -0.021564502269029617 -2.7566578848173956e-14
6714.0 6718.0 0.0 0.0
6718.0 6722.0 0.0 0.0
6722.0 6726.0 0.0 0.0
6726.0 6730.0 0.0 0.0
6730.0 6734.0 0.0 0.0
6734.0 6738.0 0.0 0.0
6738.0 6742.0 0.0 0.0
6742.0 6746.0 0.0 0.0
6746.0 6750.0 -0.021908940747380257 -2.8006886902947475e-14
6750.0 6754.0 0.0 0.0
6754.0 6758.0 0.0 0.0
6758.0 6762.0 -0.021586798131465912 -2.7595081506849063e-14
6762.0 6766.0 0.41704508662223816 5.331218322704445e-13
6766.0 6770.0 0.0 0.0
6770.0 6774.0 0.0 0.0
6774.0 6778.0 0.0 0.0
6778.0 6782.0 0.0 0.0
6782.0 6786.0 0.0 0.0
6786.0 6790.0 0.0 0.0
6790.0 6794.0 0.0 0.0
6794.0 6798.0 0.0 0.0
6798.0 6802.0 0.0 0.0
6802.0 6806.0 0.0 0.0
6806.0 6810.0 0.0 0.0
6810.0 6814.0 0.0 0.0
6814.0 6818.0 0.0 0.0
6818.0 6822.0 0.0 0.0
6822.0 6826.0 -0.02166270837187767 -2.769211929535241e-14
6826.0 6830.0 0.0 0.0
6830.0 6834.0 0.0 0.0
6834.0 6838.0 -0.021611414849758148 -2.762654878083956e-14
6838.0 6842.0 0.0 0.0
6842.0 6846.0 0.0 0.0
6846.0 6850.0 0.0 0.0
6850.0 6854.0 0.0 0.0
6854.0 6858.0 0.0 0.0
6858.0 6862.0 0.0 0.0
6862.0 6866.0 0.0 0.0
6866.0 6870.0 0.0 0.0
6870.0 6874.0 0.0 0.0
6874.0 6878.0 0.0 0.0
6878.0 6882.0 0.0 0.0
6882.0 6886.0 0.0 0.0
6886.0 6890.0 0.0 0.0
6890.0 6894.0 -0.010602722875773907 -1.3553792623292003e-14
6894.0 6898.0 0.0 0.0
6898.0 6902.0 0.0 0.0
6902.0 6906.0 0.0 0.0
6906.0 6910.0 0.0 0.0
6910.0 6914.0 0.0 0.0
6914.0 6918.0 0.38987481594085693 4.983891988344369e-13
6918.0 6922.0 0.0 0.0
6922.0 6926.0 -0.02176039293408394 -2.7816992280568428e-14
6926.0 6930.0 0.0 0.0
6930.0 6934.0 0.0 0.0
6934.0 6938.0 0.0 0.0
6938.0 6942.0 0.0 0.0
6942.0 6946.0 0.0 0.0
6946.0 6950.0 0.0 0.0
6950.0 6954.0 0.0 0.0
6954.0 6958.0 0.0 0.0
6958.0 6962.0 0.0 0.0
6962.0 6966.0 0.0 0.0
6966.0 6970.0 0.0 0.0
6970.0 6974.0 0.0 0.0
6974.0 6978.0 0.0 0.0
6978.0 6982.0 0.0 0.0
6982.0 6986.0 0.0 0.0
6986.0 6990.0 0.0 0.0
6990.0 6994.0 -0.02148868702352047 -2.7469663032415013e-14
6994.0 6998.0 0.0 0.0
6998.0 7002.0 0.0 0.0
7002.0 7006.0 -0.04321156442165375 -5.52386980015758e-14
7006.0 7010.0 0.40995723009109497 5.240612089250918e-13
7010.0 7014.0 -0.015529677271842957 -1.985207381512491e-14
7014.0 7018.0 0.0 0.0
7018.0 7022.0 0.0 0.0
7022.0 7026.0 0.0 0.0
7026.0 7030.0 0.0 0.0
7030.0 7034.0 -0.021287770941853523 -2.721282400808267e-14
7034.0 7038.0 0.0 0.0
7038.0 7042.0 0.0 0.0
7042.0 7046.0 0.0 0.0
7046.0 7050.0 0.0 0.0
7050.0 7054.0 0.0 0.0
7054.0 7058.0 0.0 0.0
7058.0 7062.0 0.0 0.0
7062.0 7066.0 0.0 0.0
7066.0 7070.0 0.0 0.0
7070.0 7074.0 0.0 0.0
7074.0 7078.0 -0.021245714277029037 -2.715906282692044e-14
7078.0 7082.0 0.0 0.0
7082.0 7086.0 0.0 0.0
7086.0 7090.0 0.0 0.0
7090.0 7094.0 0.0 0.0
7094.0 7098.0 0.0 0.0
7098.0 7102.0 0.0 0.0
7102.0 7106.0 0.0 0.0
7106.0 7110.0 0.0 0.0
7110.0 7114.0 0.0 0.0
7114.0 7118.0 0.0 0.0
7118.0 7122.0 0.0 0.0
7122.0 7126.0 0.4097667336463928 5.238176429070429e-13
7126.0 7130.0 -0.021577561274170876 -2.7583272173498444e-14
7130.0 7134.0 0.0 0.0
7134.0 7138.0 -0.021594373509287834 -2.760476309343618e-14
7138.0 7142.0 0.0 0.0
7142.0 7146.0 0.0 0.0
7146.0 7150.0 -0.021416744217276573 -2.737769558313393e-14
7150.0 7154.0 0.0 0.0
7154.0 7158.0 -0.02181708998978138 -2.7889471195799084e-14
7158.0 7162.0 0.0 0.0
7162.0 7166.0 -0.021254580467939377 -2.7170396127754702e-14
7166.0 7170.0 0.0 0.0
7170.0 7174.0 0.0 0.0
7174.0 7178.0 0.0 0.0
7178.0 7182.0 -0.021713772788643837 -2.775739673646551e-14
7182.0 7186.0 0.0 0.0
7186.0 7190.0 0.0 0.0
7190.0 7194.0 -0.02158331498503685 -2.75906278076124e-14
7194.0 7198.0 0.0 0.0
7198.0 7202.0 0.0 0.0
7202.0 7206.0 0.0 0.0
7206.0 7210.0 -0.01554331835359335 -1.9869510835377087e-14
7210.0 7214.0 0.0 0.0
7214.0 7218.0 0.0 0.0
7218.0 7222.0 0.0 0.0
7222.0 7226.0 0.0 0.0
7226.0 7230.0 0.0 0.0
7230.0 7234.0 0.0 0.0
7234.0 7238.0 0.0 0.0
7238.0 7242.0 0.0 0.0
7242.0 7246.0 0.0 0.0
7246.0 7250.0 0.0 0.0
7250.0 7254.0 0.0 0.0
7254.0 7258.0 0.4119134247303009 5.26561867025821e-13
7258.0 7262.0 0.0 0.0
7262.0 7266.0 0.0 0.0
7266.0 7270.0 -0.03710993379354477 -4.7438791718652784e-14
7270.0 7274.0 -0.015542503446340561 -1.9868468984851964e-14
7274.0 7278.0 0.0 0.0
7278.0 7282.0 0.0 0.0
7282.0 7286.0 0.0 0.0
7286.0 7290.0 0.0 0.0
7290.0 7294.0 -0.010616259649395943 -1.3571097506404409e-14
7294.0 7298.0 0.0 0.0
7298.0 7302.0 0.0 0.0
7302.0 7306.0 0.0 0.0
7306.0 7310.0 -0.015494225546717644 -1.9806754164315016e-14
7310.0 7314.0 0.0 0.0
7314.0 7318.0 0.0 0.0
7318.0 7322.0 0.0 0.0
7322.0 7326.0 0.0 0.0
7326.0 7330.0 -0.021667754277586937 -2.7698568604212805e-14
7330.0 7334.0 0.0 0.0
7334.0 7338.0 0.0 0.0
7338.0 7342.0 0.0 0.0
7342.0 7346.0 0.0 0.0
7346.0 7350.0 0.0 0.0
7350.0 7354.0 0.0 0.0
7354.0 7358.0 0.0 0.0
7358.0 7362.0 0.0 0.0
7362.0 7366.0 0.0 0.0
7366.0 7370.0 -0.02125699073076248 -2.7173477633616813e-14
7370.0 7374.0 0.0 0.0
7374.0 7378.0 -0.02123361825942993 -2.7143599393435365e-14
7378.0 7382.0 0.0 0.0
7382.0 7386.0 0.0 0.0
7386.0 7390.0 0.0 0.0
7390.0 7394.0 0.0 0.0
7394.0 7398.0 0.0 0.0
7398.0 7402.0 0.0 0.0
7402.0 7406.0 0.0 0.0
7406.0 7410.0 -0.021640028804540634 -2.766312705163379e-14
7410.0 7414.0 -0.015498531982302666 -1.981225987847217e-14
7414.0 7418.0 0.0 0.0
7418.0 7422.0 0.0 0.0
7422.0 7426.0 0.0 0.0
7426.0 7430.0 -0.021369367837905884 -2.7317132727405248e-14
7430.0 7434.0 0.0 0.0
7434.0 7438.0 0.0 0.0
7438.0 7442.0 0.0 0.0
7442.0 7446.0 0.0 0.0
7446.0 7450.0 0.0 0.0
7450.0 7454.0 0.0 0.0
7454.0 7458.0 0.0 0.0
7458.0 7462.0 0.0 0.0
7462.0 7466.0 0.0 0.0
7466.0 7470.0 0.0 0.0
7470.0 7474.0 0.0 0.0
7474.0 7478.0 0.0 0.0
7478.0 7482.0 0.0 0.0
7482.0 7486.0 0.0 0.0
7486.0 7490.0 -0.021287860348820686 -2.7212937510497602e-14
7490.0 7494.0 0.0 0.0
7494.0 7498.0 -0.01548148225992918 -1.979046402667342e-14
7498.0 7502.0 0.0 0.0
7502.0 7506.0 0.0 0.0
7506.0 7510.0 0.0 0.0
7510.0 7514.0 0.0 0.0
7514.0 7518.0 -0.021376702934503555 -2.7326509382131353e-14
7518.0 7522.0 -0.02158147096633911 -2.7588269667887244e-14
7522.0 7526.0 0.0 0.0
7526.0 7530.0 0.0 0.0
7530.0 7534.0 0.0 0.0
7534.0 7538.0 0.0 0.0
7538.0 7542.0 -0.02137533761560917 -2.7324762800194115e-14
7542.0 7546.0 -0.02179914526641369 -2.7866531849521543e-14
7546.0 7550.0 0.0 0.0
7550.0 7554.0 -0.015511887148022652 -1.9829330980491132e-14
7554.0 7558.0 0.0 0.0
7558.0 7562.0 0.0 0.0
7562.0 7566.0 0.0 0.0
7566.0 7570.0 0.0 0.0
7570.0 7574.0 0.0 0.0
7574.0 7578.0 0.0 0.0
7578.0 7582.0 0.0 0.0
7582.0 7586.0 0.0 0.0
7586.0 7590.0 0.0 0.0
7590.0 7594.0 0.0 0.0
7594.0 7598.0 0.0 0.0
7598.0 7602.0 0.0 0.0
7602.0 7606.0 0.0 0.0
7606.0 7610.0 0.0 0.0
7610.0 7614.0 0.0 0.0
7614.0 7618.0 -0.015522738918662071 -1.9843203686101263e-14
7618.0 7622.0 0.0 0.0
7622.0 7626.0 0.0 0.0
7626.0 7630.0 0.0 0.0
7630.0 7634.0 0.0 0.0
7634.0 7638.0 0.0 0.0
7638.0 7642.0 0.0 0.0
7642.0 7646.0 0.0 0.0
7646.0 7650.0 0.0 0.0
7650.0 7654.0 0.0 0.0
7654.0 7658.0 0.0 0.0
7658.0 7662.0 0.0 0.0
7662.0 7666.0 0.0 0.0
7666.0 7670.0 0.0 0.0
7670.0 7674.0 -0.010610776953399181 -1.3564089155798827e-14
7674.0 7678.0 0.0 0.0
7678.0 7682.0 0.0 0.0
7682.0 7686.0 0.0 0.0
7686.0 7690.0 0.0 0.0
7690.0 7694.0 0.0 0.0
7694.0 7698.0 0.0 0.0
7698.0 7702.0 0.0 0.0
7702.0 7706.0 0.0 0.0
7706.0 7710.0 -0.021570781245827675 -2.7574607026448032e-14
7710.0 7714.0 0.0 0.0
7714.0 7718.0 0.422602117061615 5.402255249045695e-13
7718.0 7722.0 0.0 0.0
7722.0 7726.0 0.0 0.0
7726.0 7730.0 0.41242873668670654 5.272205740557145e-13
7730.0 7734.0 0.0 0.0
7734.0 7738.0 0.0 0.0
7738.0 7742.0 0.0 0.0
7742.0 7746.0 0.0 0.0
7746.0 7750.0 0.0 0.0
7750.0 7754.0 0.0 0.0
7754.0 7758.0 0.3835662007331848 4.903246862350552e-13
7758.0 7762.0 0.0 0.0
7762.0 7766.0 -0.0217613335698843 -2.781819506735353e-14
7766.0 7770.0 0.0 0.0
7770.0 7774.0 0.0 0.0
7774.0 7778.0 0.0 0.0
7778.0 7782.0 0.0 0.0
7782.0 7786.0 0.0 0.0
7786.0 7790.0 0.0 0.0
7790.0 7794.0 0.0 0.0
7794.0 7798.0 0.0 0.0
7798.0 7802.0 -0.010645061731338501 -1.3607916334555659e-14
7802.0 7806.0 -0.02156820334494114 -2.757131037421732e-14
7806.0 7810.0 0.0 0.0
7810.0 7814.0 -0.04319554194808006 -5.521821674491119e-14
7814.0 7818.0 0.0 0.0
7818.0 7822.0 0.0 0.0
7822.0 7826.0 -0.021388618275523186 -2.734174072858888e-14
7826.0 7830.0 0.0 0.0
7830.0 7834.0 0.0 0.0
7834.0 7838.0 0.0 0.0
7838.0 7842.0 0.0 0.0
7842.0 7846.0 0.0 0.0
7846.0 7850.0 0.0 0.0
7850.0 7854.0 0.0 0.0
7854.0 7858.0 0.0 0.0
7858.0 7862.0 0.41048067808151245 5.247303242958412e-13
7862.0 7866.0 0.0 0.0
7866.0 7870.0 0.0 0.0
7870.0 7874.0 0.0 0.0
7874.0 7878.0 0.0 0.0
7878.0 7882.0 -0.02139526791870594 -2.7350241551247524e-14
7882.0 7886.0 -0.02146013453602791 -2.7433160994586037e-14
7886.0 7890.0 0.0 0.0
7890.0 7894.0 0.0 0.0
7894.0 7898.0 0.0 0.0
7898.0 7902.0 -0.021634524688124657 -2.7656091595973896e-14
7902.0 7906.0 0.0 0.0
7906.0 7910.0 0.0 0.0
7910.0 7914.0 0.0 0.0
7914.0 7918.0 -0.02155066840350628 -2.754889449430118e-14
7918.0 7922.0 0.0 0.0
7922.0 7926.0 0.0 0.0
7926.0 7930.0 0.0 0.0
7930.0 7934.0 0.0 0.0
7934.0 7938.0 0.0 0.0
7938.0 7942.0 0.0 0.0
7942.0 7946.0 0.0 0.0
7946.0 7950.0 0.0 0.0
7950.0 7954.0 0.0 0.0
7954.0 7958.0 0.0 0.0
7958.0 7962.0 0.0 0.0
7962.0 7966.0 0.0 0.0
7966.0 7970.0 0.0 0.0
7970.0 7974.0 0.0 0.0
7974.0 7978.0 -0.01063404232263565 -1.3593829329609872e-14
7978.0 7982.0 0.0 0.0
7982.0 7986.0 0.0 0.0
7986.0 7990.0 0.0 0.0
7990.0 7994.0 0.0 0.0
7994.0 7998.0 0.0 0.0
7998.0 8002.0 0.0 0.0
8002.0 8006.0 0.0 0.0
8006.0 8010.0 0.0 0.0
8010.0 8014.0 0.0 0.0
8014.0 8018.0 0.0 0.0
8018.0 8022.0 0.41565293073654175 5.313421144043096e-13
8022.0 8026.0 0.0 0.0
8026.0 8030.0 0.0 0.0
8030.0 8034.0 0.0 0.0
8034.0 8038.0 0.0 0.0
8038.0 8042.0 0.0 0.0
8042.0 8046.0 0.0 0.0
8046.0 8050.0 0.0 0.0
8050.0 8054.0 0.0 0.0
8054.0 8058.0 0.0 0.0
8058.0 8062.0 0.0 0.0
8062.0 8066.0 0.0 0.0
8066.0 8070.0 0.0 0.0
8070.0 8074.0 0.0 0.0
8074.0 8078.0 0.0 0.0
8078.0 8082.0 0.0 0.0
8082.0 8086.0 0.0 0.0
8086.0 8090.0 0.0 0.0
8090.0 8094.0 -0.010650412179529667 -1.3614756125604737e-14
8094.0 8098.0 0.0 0.0
8098.0 8102.0 -0.015545526519417763 -1.9872333149157338e-14
8102.0 8106.0 0.0 0.0
8106.0 8110.0 0.0 0.0
8110.0 8114.0 0.0 0.0
8114.0 8118.0 0.0 0.0
8118.0 8122.0 0.0 0.0
8122.0 8126.0 0.0 0.0
8126.0 8130.0 0.0 0.0
8130.0 8134.0 0.0 0.0
8134.0 8138.0 0.0 0.0
8138.0 8142.0 0.0 0.0
8142.0 8146.0 0.0 0.0
8146.0 8150.0 0.0 0.0
8150.0 8154.0 0.0 0.0
8154.0 8158.0 0.0 0.0
8158.0 8162.0 0.0 0.0
8162.0 8166.0 0.0 0.0
8166.0 8170.0 0.0 0.0
8170.0 8174.0 0.0 0.0
8174.0 8178.0 0.0 0.0
8178.0 8182.0 0.0 0.0
8182.0 8186.0 0.0 0.0
8186.0 8190.0 0.0 0.0
8190.0 8194.0 0.0 0.0
8194.0 8198.0 0.0 0.0
8198.0 8202.0 0.0 0.0
8202.0 8206.0 -0.015475784428417683 -1.9783179543327034e-14
8206.0 8210.0 0.0 0.0
8210.0 8214.0 0.0 0.0
8214.0 8218.0 0.0 0.0
8218.0 8222.0 0.0 0.0
8222.0 8226.0 0.0 0.0
8226.0 8230.0 0.0 0.0
8230.0 8234.0 0.0 0.0
8234.0 8238.0 0.0 0.0
8238.0 8242.0 0.0 0.0
8242.0 8246.0 0.0 0.0
8246.0 8250.0 0.0 0.0
8250.0 8254.0 -0.015483243390917778 -1.9792715440247223e-14
8254.0 8258.0 -0.021544771268963814 -2.7541355901070617e-14
8258.0 8262.0 0.0 0.0
8262.0 8266.0 0.0 0.0
8266.0 8270.0 0.0 0.0
8270.0 8274.0 0.0 0.0
8274.0 8278.0 0.0 0.0
8278.0 8282.0 0.0 0.0
8282.0 8286.0 0.0 0.0
8286.0 8290.0 0.0 0.0
8290.0 8294.0 0.0 0.0
8294.0 8298.0 0.0 0.0
8298.0 8302.0 0.0 0.0
8302.0 8306.0 0.0 0.0
8306.0 8310.0 0.0 0.0
8310.0 8314.0 -0.021634072065353394 -2.7655512225437974e-14
8314.0 8318.0 0.0 0.0
8318.0 8322.0 0.0 0.0
8322.0 8326.0 0.0 0.0
8326.0 8330.0 0.0 0.0
8330.0 8334.0 0.0 0.0
8334.0 8338.0 0.0 0.0
8338.0 8342.0 0.0 0.0
8342.0 8346.0 0.0 0.0
8346.0 8350.0 -0.010631305165588856 -1.3590330236504765e-14
8350.0 8354.0 0.0 0.0
8354.0 8358.0 0.0 0.0
8358.0 8362.0 0.0 0.0
8362.0 8366.0 0.0 0.0
8366.0 8370.0 0.0 0.0
8370.0 8374.0 0.0 0.0
8374.0 8378.0 0.0 0.0
8378.0 8382.0 0.0 0.0
8382.0 8386.0 0.0 0.0
8386.0 8390.0 -0.021436691284179688 -2.7403194662978074e-14
8390.0 8394.0 0.4150698184967041 5.305967796208344e-13
8394.0 8398.0 0.0 0.0
8398.0 8402.0 0.0 0.0
8402.0 8406.0 0.0 0.0
8406.0 8410.0 0.0 0.0
8410.0 8414.0 0.0 0.0
8414.0 8418.0 -0.0214152280241251 -2.7375755877684718e-14
8418.0 8422.0 0.0 0.0
8422.0 8426.0 -0.02157639153301716 -2.7581778007379487e-14
8426.0 8430.0 -0.021484950557351112 -2.7464884072526605e-14
8430.0 8434.0 0.0 0.0
8434.0 8438.0 -0.010631000623106956 -1.3589941448381975e-14
8438.0 8442.0 0.0 0.0
8442.0 8446.0 0.0 0.0
8446.0 8450.0 0.0 0.0
8450.0 8454.0 -0.02131492830812931 -2.7247540500458835e-14
8454.0 8458.0 -0.031058304011821747 -3.970280593006137e-14
8458.0 8462.0 -0.021446209400892258 -2.7415361444232435e-14
8462.0 8466.0 -0.010634353384375572 -1.3594226588062135e-14
8466.0 8470.0 0.0 0.0
8470.0 8474.0 0.0 0.0
8474.0 8478.0 -0.015515949577093124 -1.9834524986523695e-14
8478.0 8482.0 0.0 0.0
8482.0 8486.0 0.0 0.0
8486.0 8490.0 0.0 0.0
8490.0 8494.0 0.0 0.0
8494.0 8498.0 0.0 0.0
8498.0 8502.0 0.0 0.0
8502.0 8506.0 0.38469764590263367 4.917710661432595e-13
8506.0 8510.0 0.0 0.0
8510.0 8514.0 0.0 0.0
8514.0 8518.0 0.0 0.0
8518.0 8522.0 0.0 0.0
8522.0 8526.0 -0.042908381670713425 -5.485112960623012e-14
8526.0 8530.0 0.0 0.0
8530.0 8534.0 0.45550572872161865 5.822872566063619e-13
8534.0 8538.0 0.0 0.0
8538.0 8542.0 0.0 0.0
8542.0 8546.0 0.0 0.0
8546.0 8550.0 0.0 0.0
8550.0 8554.0 0.0 0.0
8554.0 8558.0 0.0 0.0
8558.0 8562.0 0.0 0.0
8562.0 8566.0 0.0 0.0
8566.0 8570.0 0.0 0.0
8570.0 8574.0 0.0 0.0
8574.0 8578.0 0.0 0.0
8578.0 8582.0 0.0 0.0
8582.0 8586.0 0.0 0.0
8586.0 8590.0 0.0 0.0
8590.0 8594.0 0.0 0.0
8594.0 8598.0 0.0 0.0
8598.0 8602.0 0.0 0.0
8602.0 8606.0 -0.021588066592812538 -2.7596701033844213e-14
8606.0 8610.0 0.0 0.0
8610.0 8614.0 0.0 0.0
8614.0 8618.0 0.0 0.0
8618.0 8622.0 0.0 0.0
8622.0 8626.0 0.0 0.0
8626.0 8630.0 0.0 0.0
8630.0 8634.0 0.0 0.0
8634.0 8638.0 0.0 0.0
8638.0 8642.0 0.0 0.0
8642.0 8646.0 0.0 0.0
8646.0 8650.0 0.0 0.0
8650.0 8654.0 -0.02404055930674076 -3.0731802058659927e-14
8654.0 8658.0 0.0 0.0
8658.0 8662.0 0.0 0.0
8662.0 8666.0 0.0 0.0
8666.0 8670.0 0.0 0.0
8670.0 8674.0 0.0 0.0
8674.0 8678.0 0.0 0.0
8678.0 8682.0 0.0 0.0
8682.0 8686.0 0.0 0.0
8686.0 8690.0 0.0 0.0
8690.0 8694.0 0.0 0.0
8694.0 8698.0 0.0 0.0
8698.0 8702.0 0.0 0.0
8702.0 8706.0 0.0 0.0
8706.0 8710.0 0.0 0.0
8710.0 8714.0 0.0 0.0
8714.0 8718.0 0.0 0.0
8718.0 8722.0 0.0 0.0
8722.0 8726.0 0.0 0.0
8726.0 8730.0 0.0 0.0
8730.0 8734.0 0.0 0.0
8734.0 8738.0 0.0 0.0
8738.0 8742.0 0.0 0.0
8742.0 8746.0 0.0 0.0
8746.0 8750.0 0.0 0.0
8750.0 8754.0 0.0 0.0
8754.0 8758.0 0.0 0.0
8758.0 8762.0 0.0 0.0
8762.0 8766.0 0.0 0.0
8766.0 8770.0 0.0 0.0
8770.0 8774.0 0.0 0.0
8774.0 8778.0 -0.02678157389163971 -3.423572663969858e-14
8778.0 8782.0 0.0 0.0
8782.0 8786.0 0.0 0.0
8786.0 8790.0 0.0 0.0
8790.0 8794.0 0.0 0.0
8794.0 8798.0 0.0 0.0
8798.0 8802.0 0.0 0.0
8802.0 8806.0 0.0 0.0
8806.0 8810.0 0.0 0.0
8810.0 8814.0 0.0 0.0
8814.0 8818.0 0.0 0.0
8818.0 8822.0 0.0 0.0
8822.0 8826.0 0.0 0.0
8826.0 8830.0 0.0 0.0
8830.0 8834.0 0.0 0.0
8834.0 8838.0 0.0 0.0
8838.0 8842.0 -0.021597541868686676 -2.760881360498995e-14
8842.0 8846.0 0.0 0.0
8846.0 8850.0 0.0 0.0
8850.0 8854.0 -0.021346285939216614 -2.7287625487654697e-14
8854.0 8858.0 0.0 0.0
8858.0 8862.0 0.0 0.0
8862.0 8866.0 0.0 0.0
8866.0 8870.0 0.0 0.0
8870.0 8874.0 0.0 0.0
8874.0 8878.0 0.0 0.0
8878.0 8882.0 0.0 0.0
8882.0 8886.0 0.0 0.0
8886.0 8890.0 0.0 0.0
8890.0 8894.0 0.0 0.0
8894.0 8898.0 0.0 0.0
8898.0 8902.0 0.0 0.0
8902.0 8906.0 0.0 0.0
8906.0 8910.0 0.0 0.0
8910.0 8914.0 0.0 0.0
8914.0 8918.0 0.0 0.0
8918.0 8922.0 -0.021656237542629242 -2.7683847171589525e-14
8922.0 8926.0 0.0 0.0
8926.0 8930.0 0.0 0.0
8930.0 8934.0 0.0 0.0
8934.0 8938.0 0.0 0.0
8938.0 8942.0 0.0 0.0
8942.0 8946.0 0.0 0.0
8946.0 8950.0 0.0 0.0
8950.0 8954.0 0.0 0.0
8954.0 8958.0 0.0 0.0
8958.0 8962.0 -0.010657330974936485 -1.362359999660702e-14
8962.0 8966.0 0.0 0.0
8966.0 8970.0 -0.010626760311424732 -1.3584521284552495e-14
8970.0 8974.0 0.0 0.0
8974.0 8978.0 0.0 0.0
8978.0 8982.0 0.0 0.0
8982.0 8986.0 0.0 0.0
8986.0 8990.0 0.0 0.0
8990.0 8994.0 0.0 0.0
8994.0 8998.0 0.0 0.0
8998.0 9002.0 0.0 0.0
9002.0 9006.0 -0.02616303786635399 -3.344503154783206e-14
9006.0 9010.0 0.0 0.0
9010.0 9014.0 0.0 0.0
9014.0 9018.0 0.0 0.0
9018.0 9022.0 0.0 0.0
9022.0 9026.0 -0.021631579846143723 -2.7652325687490403e-14
9026.0 9030.0 0.0 0.0
9030.0 9034.0 0.0 0.0
9034.0 9038.0 0.0 0.0
9038.0 9042.0 0.0 0.0
9042.0 9046.0 0.0 0.0
9046.0 9050.0 0.0 0.0
9050.0 9054.0 0.0 0.0
9054.0 9058.0 0.0 0.0
9058.0 9062.0 0.0 0.0
9062.0 9066.0 -0.021620983257889748 -2.7638779936597913e-14
9066.0 9070.0 0.0 0.0
9070.0 9074.0 0.0 0.0
9074.0 9078.0 0.0 0.0
9078.0 9082.0 0.0 0.0
9082.0 9086.0 0.0 0.0
9086.0 9090.0 0.0 0.0
9090.0 9094.0 0.0 0.0
9094.0 9098.0 0.41411393880844116 5.293748295623346e-13
9098.0 9102.0 -0.021706610918045044 -2.774824031030569e-14
9102.0 9106.0 0.0 0.0
9106.0 9110.0 0.0 0.0
9110.0 9114.0 -0.015538622625172138 -1.9863508759912843e-14
9114.0 9118.0 -0.015491421334445477 -1.9803169520882236e-14
9118.0 9122.0 0.40716448426246643 5.204910938014229e-13
9122.0 9126.0 0.0 0.0
9126.0 9130.0 0.0 0.0
9130.0 9134.0 0.0 0.0
9134.0 9138.0 0.0 0.0
9138.0 9142.0 -0.02413247711956501 -3.0849299080971254e-14
9142.0 9146.0 -0.01551998034119606 -1.9839676640908896e-14
9146.0 9150.0 0.0 0.0
9150.0 9154.0 0.0 0.0
9154.0 9158.0 0.0 0.0
9158.0 9162.0 0.0 0.0
9162.0 9166.0 0.0 0.0
9166.0 9170.0 0.0 0.0
9170.0 9174.0 -0.02135235071182251 -2.7295379227253863e-14
9174.0 9178.0 0.4094282388687134 5.233849378200039e-13
9178.0 9182.0 0.0 0.0
9182.0 9186.0 0.0 0.0
9186.0 9190.0 0.0 0.0
9190.0 9194.0 0.0 0.0
9194.0 9198.0 -0.015526978299021721 -1.98486213088319e-14
9198.0 9202.0 0.0 0.0
9202.0 9206.0 -0.03708770126104355 -4.741037206920651e-14
9206.0 9210.0 0.0 0.0
9210.0 9214.0 -0.015496688894927502 -1.9809903432812907e-14
9214.0 9218.0 0.0 0.0
9218.0 9222.0 0.0 0.0
9222.0 9226.0 0.0 0.0
9226.0 9230.0 -0.010622378438711166 -1.3578919008639355e-14
9230.0 9234.0 0.0 0.0
9234.0 9238.0 0.0 0.0
9238.0 9242.0 0.0 0.0
9242.0 9246.0 0.0 0.0
9246.0 9250.0 -0.022246060892939568 -2.843783693771973e-14
9250.0 9254.0 0.0 0.0
9254.0 9258.0 -0.015499665401875973 -1.981370661074608e-14
9258.0 9262.0 0.0 0.0
9262.0 9266.0 -0.015476558357477188 -1.9784170571875322e-14
9266.0 9270.0 -0.010633406229317188 -1.3593016177980508e-14
9270.0 9274.0 0.0 0.0
9274.0 9278.0 0.0 0.0
9278.0 9282.0 0.0 0.0
9282.0 9286.0 0.0 0.0
9286.0 9290.0 0.0 0.0
9290.0 9294.0 0.0 0.0
9294.0 9298.0 -0.021268486976623535 -2.7188173655251675e-14
9298.0 9302.0 0.0 0.0
9302.0 9306.0 0.0 0.0
9306.0 9310.0 0.0 0.0
9310.0 9314.0 0.0 0.0
9314.0 9318.0 0.0 0.0
9318.0 9322.0 -0.010638965293765068 -1.3600122784407972e-14
9322.0 9326.0 0.0 0.0
9326.0 9330.0 0.0 0.0
9330.0 9334.0 0.0 0.0
9334.0 9338.0 0.0 0.0
9338.0 9342.0 0.0 0.0
9342.0 9346.0 0.0 0.0
9346.0 9350.0 0.0 0.0
9350.0 9354.0 0.0 0.0
9354.0 9358.0 0.0 0.0
9358.0 9362.0 -0.01067603100091219 -1.364750496044443e-14
9362.0 9366.0 0.0 0.0
9366.0 9370.0 0.0 0.0
9370.0 9374.0 0.0 0.0
9374.0 9378.0 -0.03703994303941727 -4.734932132250021e-14
9378.0 9382.0 0.0 0.0
9382.0 9386.0 0.0 0.0
9386.0 9390.0 0.0 0.0
9390.0 9394.0 -0.021810777485370636 -2.7881400665877645e-14
9394.0 9398.0 0.4119623303413391 5.266243170709561e-13
9398.0 9402.0 0.0 0.0
9402.0 9406.0 0.0 0.0
9406.0 9410.0 0.0 0.0
9410.0 9414.0 0.0 0.0
9414.0 9418.0 0.0 0.0
9418.0 9422.0 0.0 0.0
9422.0 9426.0 0.0 0.0
9426.0 9430.0 0.0 0.0
9430.0 9434.0 0.0 0.0
9434.0 9438.0 0.0 0.0
9438.0 9442.0 0.0 0.0
9442.0 9446.0 0.0 0.0
9446.0 9450.0 0.0 0.0
9450.0 9454.0 -0.021396271884441376 -2.7351523959129667e-14
9454.0 9458.0 0.0 0.0
9458.0 9462.0 -0.010634394362568855 -1.3594279104104864e-14
9462.0 9466.0 0.0 0.0
9466.0 9470.0 0.0 0.0
9470.0 9474.0 0.0 0.0
9474.0 9478.0 0.0 0.0
9478.0 9482.0 0.0 0.0
9482.0 9486.0 0.0 0.0
9486.0 9490.0 -0.021274646744132042 -2.719604767352935e-14
9490.0 9494.0 0.39664292335510254 5.07041023750654e-13
9494.0 9498.0 0.0 0.0
9498.0 9502.0 0.3845035135746002 4.915228922659776e-13
9502.0 9506.0 0.0 0.0
9506.0 9510.0 -0.015517829917371273 -1.9836928866028003e-14
9510.0 9514.0 -0.021521618589758873 -2.7511758875827658e-14
9514.0 9518.0 0.0 0.0
9518.0 9522.0 0.0 0.0
9522.0 9526.0 -0.021434597671031952 -2.740051803886475e-14
9526.0 9530.0 0.0 0.0
9530.0 9534.0 0.0 0.0
9534.0 9538.0 0.0 0.0
9538.0 9542.0 0.0 0.0
9542.0 9546.0 0.0 0.0
9546.0 9550.0 0.0 0.0
9550.0 9554.0 0.0 0.0
9554.0 9558.0 0.0 0.0
9558.0 9562.0 0.0 0.0
9562.0 9566.0 0.0 0.0
9566.0 9570.0 0.0 0.0
9570.0 9574.0 -0.021607346832752228 -2.762134799854342e-14
9574.0 9578.0 -0.021535776555538177 -2.7529858275844588e-14
9578.0 9582.0 0.0 0.0
9582.0 9586.0 -0.04334603622555733 -5.5410594867891586e-14
9586.0 9590.0 0.0 0.0
9590.0 9594.0 0.0 0.0
9594.0 9598.0 0.0 0.0
9598.0 9602.0 0.0 0.0
9602.0 9606.0 0.0 0.0
9606.0 9610.0 0.0 0.0
9610.0 9614.0 -0.02153387852013111 -2.7527430679417757e-14
9614.0 9618.0 -0.023715944960713387 -3.0316837229668256e-14
9618.0 9622.0 0.0 0.0
9622.0 9626.0 0.0 0.0
9626.0 9630.0 0.0 0.0
9630.0 9634.0 -0.03692886233329773 -4.720732133109071e-14
9634.0 9638.0 0.0 0.0
9638.0 9642.0 0.0 0.0
9642.0 9646.0 -0.015483206138014793 -1.9792668006402177e-14
9646.0 9650.0 0.0 0.0
9650.0 9654.0 0.0 0.0
9654.0 9658.0 0.0 0.0
9658.0 9662.0 0.0 0.0
9662.0 9666.0 0.0 0.0
9666.0 9670.0 0.0 0.0
9670.0 9674.0 0.0 0.0
9674.0 9678.0 -0.021804753690958023 -2.7873701136387104e-14
9678.0 9682.0 0.0 0.0
9682.0 9686.0 -0.043129827827215195 -5.513420801720251e-14
9686.0 9690.0 0.0 0.0
9690.0 9694.0 0.0 0.0
9694.0 9698.0 0.0 0.0
9698.0 9702.0 0.0 0.0
9702.0 9706.0 0.0 0.0
9706.0 9710.0 0.0 0.0
9710.0 9714.0 -0.015507719479501247 -1.9824003143252902e-14
9714.0 9718.0 0.0 0.0
9718.0 9722.0 0.0 0.0
9722.0 9726.0 0.0 0.0
9726.0 9730.0 0.0 0.0
9730.0 9734.0 0.0 0.0
9734.0 9738.0 0.0 0.0
9738.0 9742.0 0.0 0.0
9742.0 9746.0 0.0 0.0
9746.0 9750.0 0.0 0.0
9750.0 9754.0 0.0 0.0
9754.0 9758.0 0.0 0.0
9758.0 9762.0 0.0 0.0
9762.0 9766.0 -0.015482133254408836 -1.979129750709352e-14
9766.0 9770.0 0.0 0.0
9770.0 9774.0 0.0 0.0
9774.0 9778.0 0.0 0.0
9778.0 9782.0 -0.010639368556439877 -1.360063862747285e-14
9782.0 9786.0 0.0 0.0
9786.0 9790.0 0.0 0.0
9790.0 9794.0 0.0 0.0
9794.0 9798.0 0.0 0.0
9798.0 9802.0 0.0 0.0
9802.0 9806.0 0.0 0.0
9806.0 9810.0 -0.010628894902765751 -1.3587248730642654e-14
9810.0 9814.0 0.0 0.0
9814.0 9818.0 0.0 0.0
9818.0 9822.0 0.0 0.0
9822.0 9826.0 0.0 0.0
9826.0 9830.0 0.0 0.0
9830.0 9834.0 0.0 0.0
9834.0 9838.0 -0.02154133841395378 -2.7536966576337946e-14
9838.0 9842.0 0.0 0.0
9842.0 9846.0 0.0 0.0
9846.0 9850.0 0.0 0.0
9850.0 9854.0 0.0 0.0
9854.0 9858.0 0.0 0.0
9858.0 9862.0 0.0 0.0
9862.0 9866.0 0.0 0.0
9866.0 9870.0 0.0 0.0
9870.0 9874.0 0.0 0.0
9874.0 9878.0 0.0 0.0
9878.0 9882.0 0.0 0.0
9882.0 9886.0 0.0 0.0
9886.0 9890.0 0.0 0.0
9890.0 9894.0 0.0 0.0
9894.0 9898.0 -0.015477250330150127 -1.9785054874272255e-14
9898.0 9902.0 -0.0430242158472538 -5.499920112980554e-14
9902.0 9906.0 -0.022455953061580658 -2.870614987035558e-14
9906.0 9910.0 0.0 0.0
9910.0 9914.0 0.0 0.0
9914.0 9918.0 -0.026136698201298714 -3.3411360294112805e-14
9918.0 9922.0 0.0 0.0
9922.0 9926.0 0.0 0.0
9926.0 9930.0 0.0 0.0
9930.0 9934.0 0.0 0.0
9934.0 9938.0 0.0 0.0
9938.0 9942.0 0.0 0.0
9942.0 9946.0 0.42227888107299805 5.398123354566353e-13
9946.0 9950.0 0.0 0.0
9950.0 9954.0 0.0 0.0
9954.0 9958.0 0.0 0.0
9958.0 9962.0 0.0 0.0
9962.0 9966.0 0.0 0.0
9966.0 9970.0 0.0 0.0
9970.0 9974.0 0.0 0.0
9974.0 9978.0 0.0 0.0
9978.0 9982.0 0.0 0.0
9982.0 9986.0 0.0 0.0
9986.0 9990.0 0.0 0.0
9990.0 9994.0 0.0 0.0
9994.0 9998.0 0.0 0.0
