start end rate flux
0.0 2.0 -0.01893281750380993 -2.476915936624243e-14
2.0 6.0 -0.020862964913249016 -2.7294305189476745e-14
6.0 10.0 -0.07204889506101608 -9.425911386053837e-14
10.0 14.0 0.0 0.0
14.0 18.0 -0.034789424389600754 -4.551381786645908e-14
18.0 22.0 0.0 0.0
22.0 26.0 0.0 0.0
26.0 30.0 0.0 0.0
30.0 34.0 -0.0348191037774086 -4.555264585676122e-14
34.0 38.0 0.0 0.0
38.0 42.0 0.0 0.0
42.0 46.0 -0.017364753410220146 -2.271771502469419e-14
46.0 50.0 0.0 0.0
50.0 54.0 0.0 0.0
54.0 58.0 0.0 0.0
58.0 62.0 -0.03460206836462021 -4.526870686031442e-14
62.0 66.0 -0.01695101708173752 -2.217643725447617e-14
66.0 70.0 -0.051600322127342224 -6.750694025049048e-14
70.0 74.0 0.0 0.0
74.0 78.0 0.0 0.0
78.0 82.0 0.0 0.0
82.0 86.0 0.0 0.0
86.0 90.0 0.0 0.0
90.0 94.0 -0.017301196232438087 -2.2634565188394025e-14
94.0 98.0 0.0 0.0
98.0 102.0 0.0 0.0
102.0 106.0 0.0 0.0
106.0 110.0 0.0 0.0
110.0 114.0 0.0 0.0
114.0 118.0 -0.03810686618089676 -4.985391304423645e-14
118.0 122.0 0.0 0.0
122.0 126.0 0.0 0.0
126.0 130.0 0.0 0.0
130.0 134.0 0.0 0.0
134.0 138.0 -0.01696026884019375 -2.2188541355292433e-14
138.0 142.0 0.0 0.0
142.0 146.0 0.0 0.0
146.0 150.0 0.0 0.0
150.0 154.0 -0.07857461273670197 -1.0279648768492244e-13
154.0 158.0 -0.019091414287686348 -2.4976645168870056e-14
158.0 162.0 0.0 0.0
162.0 166.0 0.0 0.0
166.0 170.0 0.0 0.0
170.0 174.0 0.0 0.0
174.0 178.0 -0.0381714403629303 -4.993839611039559e-14
178.0 182.0 0.0 0.0
182.0 186.0 0.0 0.0
186.0 190.0 -0.03387102112174034 -4.431230163077886e-14
190.0 194.0 -0.01737455651164055 -2.273053910351562e-14
194.0 198.0 0.0 0.0
198.0 202.0 -0.01724238134920597 -2.2557620715465444e-14
202.0 206.0 0.0 0.0
206.0 210.0 -0.020861849188804626 -2.7292844904675678e-14
210.0 214.0 0.0 0.0
214.0 218.0 0.0 0.0
218.0 222.0 0.0 0.0
222.0 226.0 0.0 0.0
226.0 230.0 0.0 0.0
230.0 234.0 0.0 0.0
234.0 238.0 0.0 0.0
238.0 242.0 -0.017033591866493225 -2.2284467836568983e-14
242.0 246.0 0.6202691793441772 8.114770248986158e-13
246.0 250.0 0.0 0.0
250.0 254.0 -0.01697157882153988 -2.2203337326815072e-14
254.0 258.0 0.0 0.0
258.0 262.0 -0.017097685486078262 -2.236831732208358e-14
262.0 266.0 0.0 0.0
266.0 270.0 -0.020854931324720383 -2.7283796898733108e-14
270.0 274.0 -0.04185212776064873 -5.475371065290051e-14
274.0 278.0 -0.018289225175976753 -2.3927171347221977e-14
278.0 282.0 0.0 0.0
282.0 286.0 0.0 0.0
286.0 290.0 0.0 0.0
290.0 294.0 0.0 0.0
294.0 298.0 -0.01732349954545498 -2.266374377936104e-14
298.0 302.0 0.0 0.0
302.0 306.0 -0.01720038242638111 -2.2502673688177058e-14
306.0 310.0 0.0 0.0
310.0 314.0 -0.017025038599967957 -2.2273278531335754e-14
314.0 318.0 0.0 0.0
318.0 322.0 0.0 0.0
322.0 326.0 0.0 0.0
326.0 330.0 0.0 0.0
330.0 334.0 0.0 0.0
334.0 338.0 0.0 0.0
338.0 342.0 -0.017164792865514755 -2.245611228706649e-14
342.0 346.0 -0.041812531650066376 -5.4701909505978225e-14
346.0 350.0 -0.03475346788764 -4.546677704470037e-14
350.0 354.0 -0.017075063660740852 -2.233872368497241e-14
354.0 358.0 0.9039981365203857 1.1826699558917242e-12
358.0 362.0 0.0 0.0
362.0 366.0 -0.020906846970319748 -2.7351715388575747e-14
366.0 370.0 0.0 0.0
370.0 374.0 -0.020924029871821404 -2.737419394892998e-14
374.0 378.0 -0.020874127745628357 -2.7308909731553303e-14
378.0 382.0 -0.034785013645887375 -4.55080444898906e-14
382.0 386.0 -0.01709689572453499 -2.2367285635953825e-14
386.0 390.0 -0.03394122049212456 -4.440414371918375e-14
390.0 394.0 -0.02089349552989006 -2.733424787513747e-14
394.0 398.0 0.0 0.0
398.0 402.0 0.0 0.0
402.0 406.0 0.0 0.0
406.0 410.0 -0.020878607407212257 -2.7314771199548303e-14
410.0 414.0 0.0 0.0
414.0 418.0 -0.03426172211766243 -4.482344196873357e-14
418.0 422.0 0.0 0.0
422.0 426.0 0.0 0.0
426.0 430.0 0.0 0.0
430.0 434.0 -0.05472246930003166 -7.159154318632163e-14
434.0 438.0 -0.04057125002145767 -5.307798132763407e-14
438.0 442.0 0.0 0.0
442.0 446.0 -0.02087673544883728 -2.7312321580264844e-14
446.0 450.0 0.0 0.0
450.0 454.0 0.0 0.0
454.0 458.0 0.0 0.0
458.0 462.0 0.0 0.0
462.0 466.0 -0.017135165631771088 -2.2417352059400132e-14
466.0 470.0 0.7006087303161621 9.165824566351177e-13
470.0 474.0 -0.017007507383823395 -2.2250342573190002e-14
474.0 478.0 0.0 0.0
478.0 482.0 -0.03487751632928848 -4.562906855739429e-14
482.0 486.0 -0.03449801355600357 -4.513257172503171e-14
486.0 490.0 0.0 0.0
490.0 494.0 0.0 0.0
494.0 498.0 0.0 0.0
498.0 502.0 0.0 0.0
502.0 506.0 -0.017049508169293404 -2.2305289600478388e-14
506.0 510.0 0.0 0.0
510.0 514.0 -0.017208797857165337 -2.2513685116491364e-14
514.0 518.0 -0.01694842427968979 -2.2173045734555363e-14
518.0 522.0 0.0 0.0
522.0 526.0 0.0 0.0
526.0 530.0 0.5912217497825623 7.734752508620213e-13
530.0 534.0 0.0 0.0
534.0 538.0 -0.017118141055107117 -2.2395080175085028e-14
538.0 542.0 0.0 0.0
542.0 546.0 0.0 0.0
546.0 550.0 -0.017135515809059143 -2.2417811151257544e-14
550.0 554.0 -0.018978768959641457 -2.4829274988574963e-14
554.0 558.0 0.5930834412574768 7.759108026222927e-13
558.0 562.0 -0.051915816962718964 -6.791968924129213e-14
562.0 566.0 0.0 0.0
566.0 570.0 -0.017109012231230736 -2.2383138704594636e-14
570.0 574.0 0.0 0.0
574.0 578.0 0.0 0.0
578.0 582.0 -0.017055325210094452 -2.2312901038542415e-14
582.0 586.0 0.0 0.0
586.0 590.0 0.0 0.0
590.0 594.0 -0.017114738002419472 -2.239062816991426e-14
594.0 598.0 0.0 0.0
598.0 602.0 0.0 0.0
602.0 606.0 0.0 0.0
606.0 610.0 0.0 0.0
610.0 614.0 -0.01712227240204811 -2.2400485939354405e-14
614.0 618.0 0.0 0.0
618.0 622.0 -0.01767323911190033 -2.3121297424940658e-14
622.0 626.0 0.0 0.0
626.0 630.0 0.0 0.0
630.0 634.0 0.0 0.0
634.0 638.0 -0.03474556654691696 -4.5456439854612077e-14
638.0 642.0 0.0 0.0
642.0 646.0 -0.01723046600818634 -2.2542030227038282e-14
646.0 650.0 -0.01688561961054802 -2.2090880150539907e-14
650.0 654.0 -0.0347384549677372 -4.5447136044719436e-14
654.0 658.0 0.0 0.0
658.0 662.0 0.0 0.0
662.0 666.0 -0.03816510736942291 -4.9930105351907866e-14
666.0 670.0 -0.018887849524617195 -2.4710327845857936e-14
670.0 674.0 -0.03425128757953644 -4.480979457388741e-14
674.0 678.0 0.6203986406326294 8.116463772779581e-13
678.0 682.0 0.0 0.0
682.0 686.0 0.0 0.0
686.0 690.0 0.0 0.0
690.0 694.0 -0.01697486639022827 -2.220763856012123e-14
694.0 698.0 0.0 0.0
698.0 702.0 0.0 0.0
702.0 706.0 -0.034809622913599014 -4.554024190628163e-14
706.0 710.0 -0.017141122370958328 -2.2425144762514872e-14
710.0 714.0 0.0 0.0
714.0 718.0 0.0 0.0
718.0 722.0 -0.034912917762994766 -4.567538093081837e-14
722.0 726.0 0.0 0.0
726.0 730.0 -0.017041640356183052 -2.2294996456103354e-14
730.0 734.0 -0.017150353640317917 -2.2437223452342718e-14
734.0 738.0 0.0 0.0
738.0 742.0 0.0 0.0
742.0 746.0 -0.01709207147359848 -2.2360973546430886e-14
746.0 750.0 0.0 0.0
750.0 754.0 -0.034141067415475845 -4.466559229681505e-14
754.0 758.0 0.7511388659477234 9.826894072778591e-13
758.0 762.0 -0.01704496145248413 -2.229934173512277e-14
762.0 766.0 -0.017069760710000992 -2.2331786485134397e-14
766.0 770.0 -0.037962645292282104 -4.966523137303787e-14
770.0 774.0 0.0 0.0
774.0 778.0 0.0 0.0
778.0 782.0 -0.020908411592245102 -2.7353761820176313e-14
782.0 786.0 0.0 0.0
786.0 790.0 0.0 0.0
790.0 794.0 0.0 0.0
794.0 798.0 0.0 0.0
798.0 802.0 0.0 0.0
802.0 806.0 -0.017046963796019554 -2.230196076099568e-14
806.0 810.0 0.0 0.0
810.0 814.0 0.0 0.0
814.0 818.0 0.0 0.0
818.0 822.0 0.0 0.0
822.0 826.0 -0.017241252586245537 -2.2556141795939538e-14
826.0 830.0 0.0 0.0
830.0 834.0 0.0 0.0
834.0 838.0 -0.017028167843818665 -2.2277371394536886e-14
838.0 842.0 -0.016987033188343048 -2.2223556003266032e-14
842.0 846.0 0.759756863117218 9.93964025669536e-13
846.0 850.0 -0.08588719367980957 -1.123632843670272e-13
850.0 854.0 -0.034733206033706665 -4.5440271689714887e-14
854.0 858.0 0.585605263710022 7.661273958986525e-13
858.0 862.0 -0.017076224088668823 -2.234024156801389e-14
862.0 866.0 0.5632545351982117 7.368867343572616e-13
866.0 870.0 -0.03454585000872612 -4.519515729543844e-14
870.0 874.0 -0.01710197515785694 -2.2373929762392088e-14
874.0 878.0 -0.02086877077817917 -2.730190138094772e-14
878.0 882.0 -0.019079944118857384 -2.4961639133176498e-14
882.0 886.0 0.0 0.0
886.0 890.0 0.0 0.0
890.0 894.0 0.7563680410385132 9.895305061458082e-13
894.0 898.0 -0.04177935793995857 -5.4658510925892703e-14
898.0 902.0 -0.01727791130542755 -2.260410249547897e-14
902.0 906.0 -0.017047639936208725 -2.2302845063392612e-14
906.0 910.0 -0.017175262793898582 -2.2469810503889485e-14
910.0 914.0 0.0 0.0
914.0 918.0 -0.017242297530174255 -2.2557508907116407e-14
918.0 922.0 -0.034247830510139465 -4.480526802981728e-14
922.0 926.0 -0.017156606540083885 -2.24454040965473e-14
926.0 930.0 0.0 0.0
930.0 934.0 0.0 0.0
934.0 938.0 0.0 0.0
938.0 942.0 0.0 0.0
942.0 946.0 0.5872665047645569 7.683007333635083e-13
946.0 950.0 0.0 0.0
950.0 954.0 1.4951016902923584 1.955990491103732e-12
954.0 958.0 -0.01699097640812397 -2.222871443391481e-14
958.0 962.0 0.6052299737930298 7.918017370239783e-13
962.0 966.0 -0.016903690993785858 -2.211452253416367e-14
966.0 970.0 0.0 0.0
970.0 974.0 0.0 0.0
974.0 978.0 0.0 0.0
978.0 982.0 -0.01713959313929081 -2.242314576475935e-14
982.0 986.0 0.0 0.0
986.0 990.0 -0.017373744398355484 -2.2729476924199764e-14
990.0 994.0 0.0 0.0
994.0 998.0 -0.020899508148431778 -2.7342113423085672e-14
998.0 1002.0 -0.017102647572755814 -2.2374810676657232e-14
1002.0 1006.0 0.0 0.0
1006.0 1010.0 0.7647728323936462 1.0005261593185044e-12
1010.0 1014.0 0.0 0.0
1014.0 1018.0 -0.0169871486723423 -2.2223706775130643e-14
1018.0 1022.0 0.6083101630210876 7.958313912384551e-13
1022.0 1026.0 0.0 0.0
1026.0 1030.0 0.0 0.0
1030.0 1034.0 -0.020859284326434135 -2.7289488960138657e-14
1034.0 1038.0 -0.017190607264637947 -2.2489885184739412e-14
1038.0 1042.0 -0.017071643844246864 -2.2334249656945013e-14
1042.0 1046.0 -0.038136616349220276 -4.989283251409689e-14
1046.0 1050.0 0.0 0.0
1050.0 1054.0 0.0 0.0
1054.0 1058.0 -0.020893333479762077 -2.733403442283476e-14
1058.0 1062.0 0.7453798651695251 9.751549611206056e-13
1062.0 1066.0 -0.017142880707979202 -2.242744699806551e-14
1066.0 1070.0 -0.01710323803126812 -2.2375581476639234e-14
1070.0 1074.0 -0.02090187929570675 -2.7345216951804412e-14
1074.0 1078.0 -0.033993933349847794 -4.4473105753617403e-14
1078.0 1082.0 0.567010760307312 7.418008264939435e-13
1082.0 1086.0 -0.02086208388209343 -2.729315322466848e-14
1086.0 1090.0 0.745775580406189 9.756727760781847e-13
1090.0 1094.0 1.3226889371871948 1.730428951171592e-12
1094.0 1098.0 0.0 0.0
1098.0 1102.0 0.0 0.0
1102.0 1106.0 0.0 0.0
1106.0 1110.0 -0.020904650911688805 -2.734884225281866e-14
1110.0 1114.0 0.8012334704399109 1.048226392838525e-12
1114.0 1118.0 -0.03682483732700348 -4.8176676000323895e-14
1118.0 1122.0 0.0 0.0
1122.0 1126.0 -0.01912819780409336 -2.502476849873536e-14
1126.0 1130.0 -0.034701865166425705 -4.539926513067241e-14
1130.0 1134.0 1.3607373237609863 1.780206190793443e-12
1134.0 1138.0 0.0 0.0
1138.0 1142.0 0.0 0.0
1142.0 1146.0 0.0 0.0
1146.0 1150.0 0.0 0.0
1150.0 1154.0 0.0 0.0
1154.0 1158.0 0.0 0.0
1158.0 1162.0 -0.017154671251773834 -2.244287146803501e-14
1162.0 1166.0 0.7605834603309631 9.95045408916373e-13
1166.0 1170.0 0.0 0.0
1170.0 1174.0 -0.017488935962319374 -2.288017763804346e-14
1174.0 1178.0 0.0 0.0
1178.0 1182.0 -0.01711401343345642 -2.2389679493013334e-14
1182.0 1186.0 0.0 0.0
1186.0 1190.0 0.620597779750824 8.119069110600063e-13
1190.0 1194.0 1.321298360824585 1.7286096599261613e-12
1194.0 1198.0 0.0 0.0
1198.0 1202.0 0.0 0.0
1202.0 1206.0 -0.01715235784649849 -2.2439844172281523e-14
1206.0 1210.0 0.0 0.0
1210.0 1214.0 0.0 0.0
1214.0 1218.0 0.0 0.0
1218.0 1222.0 0.0 0.0
1222.0 1226.0 0.0 0.0
1226.0 1230.0 0.0 0.0
1230.0 1234.0 -0.035128403455019 -4.5957290436323545e-14
1234.0 1238.0 0.0 0.0
1238.0 1242.0 0.0 0.0
1242.0 1246.0 0.7322748899459839 9.580102553266578e-13
1246.0 1250.0 0.0 0.0
1250.0 1254.0 0.5791464447975159 7.576775578471695e-13
1254.0 1258.0 0.0 0.0
1258.0 1262.0 -0.05175725370645523 -6.771225426064134e-14
1262.0 1266.0 -0.01700294017791748 -2.2244365908714175e-14
1266.0 1270.0 -0.020854363217949867 -2.7283051509739524e-14
1270.0 1274.0 0.0 0.0
1274.0 1278.0 0.0 0.0
1278.0 1282.0 -0.020875263959169388 -2.7310395427342787e-14
1282.0 1286.0 0.0 0.0
1286.0 1290.0 0.0 0.0
1290.0 1294.0 0.0 0.0
1294.0 1298.0 0.0 0.0
1298.0 1302.0 0.7487924098968506 9.796195972466837e-13
1302.0 1306.0 0.0 0.0
1306.0 1310.0 -0.01770857162773609 -2.3167520012872325e-14
1310.0 1314.0 -0.016947155818343163 -2.217138724404464e-14
1314.0 1318.0 -0.01714971661567688 -2.243638997192262e-14
1318.0 1322.0 0.0 0.0
1322.0 1326.0 -0.03801848366856575 -4.973828288254087e-14
1326.0 1330.0 -0.0380888357758522 -4.983032487072131e-14
1330.0 1334.0 -0.01700039952993393 -2.224104215142915e-14
1334.0 1338.0 1.362097144126892 1.7819852581382745e-12
1338.0 1342.0 -0.020914226770401 -2.736136987010855e-14
1342.0 1346.0 0.0 0.0
1346.0 1350.0 -0.034541886299848557 -4.518997006566945e-14
1350.0 1354.0 0.0 0.0
1354.0 1358.0 0.0 0.0
1358.0 1362.0 0.0 0.0
1362.0 1366.0 -0.020837051793932915 -2.726040354279584e-14
1366.0 1370.0 0.7247192859649658 9.481255841201075e-13
1370.0 1374.0 -0.0693296417593956 -9.070160258712462e-14
1374.0 1378.0 -0.01697777397930622 -2.2211443432120295e-14
1378.0 1382.0 -0.037864379584789276 -4.953667887669898e-14
1382.0 1386.0 0.6073199510574341 7.945359864827695e-13
1386.0 1390.0 0.0 0.0
1390.0 1394.0 0.0 0.0
1394.0 1398.0 -0.01690126396715641 -2.2111346160611466e-14
1398.0 1402.0 -0.01714124158024788 -2.2425300616577167e-14
1402.0 1406.0 -0.01728491485118866 -2.2613264003836474e-14
1406.0 1410.0 0.0 0.0
1410.0 1414.0 0.7327820062637329 9.586736786360017e-13
1414.0 1418.0 0.0 0.0
1418.0 1422.0 0.0 0.0
1422.0 1426.0 0.7532684206962585 9.854753731802779e-13
1426.0 1430.0 -0.017154501751065254 -2.244264954540283e-14
1430.0 1434.0 0.0 0.0
1434.0 1438.0 0.0 0.0
1438.0 1442.0 -0.02088887058198452 -2.732819497769639e-14
1442.0 1446.0 0.0 0.0
1446.0 1450.0 -0.03474077954888344 -4.5450175198934184e-14
1450.0 1454.0 -0.05193127691745758 -6.793991638807256e-14
1454.0 1458.0 0.0 0.0
1458.0 1462.0 0.0 0.0
1462.0 1466.0 0.0 0.0
1466.0 1470.0 -0.051518604159355164 -6.740003114001983e-14
1470.0 1474.0 -0.017142677679657936 -2.2427179335654177e-14
1474.0 1478.0 0.0 0.0
1478.0 1482.0 0.0 0.0
1482.0 1486.0 -0.01742643304169178 -2.2798406771381424e-14
1486.0 1490.0 0.0 0.0
1490.0 1494.0 0.0 0.0
1494.0 1498.0 0.0 0.0
1498.0 1502.0 -0.01706084981560707 -2.2320126229582495e-14
1502.0 1506.0 0.0 0.0
1506.0 1510.0 0.0 0.0
1510.0 1514.0 0.0 0.0
1514.0 1518.0 -0.02094319462776184 -2.739926612416871e-14
1518.0 1522.0 0.5905866622924805 7.726444267372456e-13
1522.0 1526.0 -0.03398130461573601 -4.4456585223014156e-14
1526.0 1530.0 0.5699039101600647 7.455858846983077e-13
1530.0 1534.0 0.0 0.0
1534.0 1538.0 0.0 0.0
1538.0 1542.0 -0.016970418393611908 -2.2201819443773592e-14
1542.0 1546.0 -0.03434514254331589 -4.4932577081789604e-14
1546.0 1550.0 -0.017086105421185493 -2.2353168984854885e-14
1550.0 1554.0 0.0 0.0
1554.0 1558.0 0.0 0.0
1558.0 1562.0 0.7489724159240723 9.798550859585475e-13
1562.0 1566.0 -0.034346748143434525 -4.4934677723498795e-14
1566.0 1570.0 0.0 0.0
1570.0 1574.0 0.0 0.0
1574.0 1578.0 0.0 0.0
1578.0 1582.0 0.0 0.0
1582.0 1586.0 -0.0382455512881279 -5.003535088967011e-14
1586.0 1590.0 0.0 0.0
1590.0 1594.0 -0.017468314617872238 -2.285319963867341e-14
1594.0 1598.0 0.6080090999603271 7.954375547992998e-13
1598.0 1602.0 0.0 0.0
1602.0 1606.0 0.0 0.0
1606.0 1610.0 0.0 0.0
1610.0 1614.0 0.0 0.0
1614.0 1618.0 0.0 0.0
1618.0 1622.0 0.7377499938011169 9.651731453994006e-13
1622.0 1626.0 0.0 0.0
1626.0 1630.0 -0.03970392793416977 -5.194329599149221e-14
1630.0 1634.0 -0.041807349771261215 -5.46951298542684e-14
1634.0 1638.0 -0.01707528717815876 -2.2339015064306265e-14
1638.0 1642.0 -0.017073264345526695 -2.2336368933379043e-14
1642.0 1646.0 0.0 0.0
1646.0 1650.0 0.0 0.0
1650.0 1654.0 0.0 0.0
1654.0 1658.0 0.0 0.0
1658.0 1662.0 0.0 0.0
1662.0 1666.0 -0.020893225446343422 -2.7333893815365516e-14
1666.0 1670.0 0.0 0.0
1670.0 1674.0 0.0 0.0
1674.0 1678.0 0.0 0.0
1678.0 1682.0 -0.017325635999441147 -2.266653898808698e-14
1682.0 1686.0 -0.05153912678360939 -6.742688547257958e-14
1686.0 1690.0 0.0 0.0
1690.0 1694.0 -0.034170523285865784 -4.470413229591512e-14
1694.0 1698.0 0.0 0.0
1698.0 1702.0 -0.03425213322043419 -4.481089571671884e-14
1702.0 1706.0 0.749539315700531 9.805966802445276e-13
1706.0 1710.0 0.6087428331375122 7.963975074028184e-13
1710.0 1714.0 0.0 0.0
1714.0 1718.0 0.0 0.0
1718.0 1722.0 -0.016953879967331886 -2.2180184528234823e-14
1722.0 1726.0 0.0 0.0
1726.0 1730.0 -0.02095637284219265 -2.7416508326843017e-14
1730.0 1734.0 0.0 0.0
1734.0 1738.0 -0.03468162566423416 -4.537278688074124e-14
1738.0 1742.0 0.0 0.0
1742.0 1746.0 0.0 0.0
1746.0 1750.0 -0.0341995544731617 -4.4742109865138213e-14
1750.0 1754.0 -0.034753989428281784 -4.546745805918996e-14
1754.0 1758.0 0.0 0.0
1758.0 1762.0 0.6190624833106995 8.098983181152597e-13
1762.0 1766.0 -0.01710555888712406 -2.2378618936788088e-14
1766.0 1770.0 -0.017074286937713623 -2.233770555136981e-14
1770.0 1774.0 0.0 0.0
1774.0 1778.0 0.0 0.0
1778.0 1782.0 -0.03472289443016052 -4.542678014893102e-14
1782.0 1786.0 -0.019176820293068886 -2.5088378979008265e-14
1786.0 1790.0 -0.017078367993235588 -2.2343046941135196e-14
1790.0 1794.0 0.0 0.0
1794.0 1798.0 0.0 0.0
1798.0 1802.0 -0.034781500697135925 -4.550345357131648e-14
1802.0 1806.0 0.0 0.0
1806.0 1810.0 -0.020929597318172455 -2.7381478432276368e-14
1810.0 1814.0 -0.01716262847185135 -2.2453281502956765e-14
1814.0 1818.0 -0.020917708054184914 -2.7365925213298885e-14
1818.0 1822.0 0.0 0.0
1822.0 1826.0 0.0 0.0
1826.0 1830.0 -0.019351376220583916 -2.5316745837851602e-14
1830.0 1834.0 0.0 0.0
1834.0 1838.0 0.0 0.0
1838.0 1842.0 -0.02086145058274269 -2.7292324826446064e-14
1842.0 1846.0 0.0 0.0
1846.0 1850.0 -0.03692897409200668 -4.8312916167692066e-14
1850.0 1854.0 -0.017115408554673195 -2.239150400198172e-14
1854.0 1858.0 0.0 0.0
1858.0 1862.0 0.0 0.0
1862.0 1866.0 0.0 0.0
1866.0 1870.0 -0.017101222649216652 -2.2372945510107378e-14
1870.0 1874.0 -0.02089923433959484 -2.734175597518193e-14
1874.0 1878.0 -0.016932614147663116 -2.2152362884049308e-14
1878.0 1882.0 0.0 0.0
1882.0 1886.0 0.0 0.0
1886.0 1890.0 -0.01706758886575699 -2.2328943842563412e-14
1890.0 1894.0 -0.0172283872961998 -2.2539311251277595e-14
1894.0 1898.0 0.0 0.0
1898.0 1902.0 0.0 0.0
1902.0 1906.0 0.0 0.0
1906.0 1910.0 -0.017107145860791206 -2.2380695861574755e-14
1910.0 1914.0 0.0 0.0
1914.0 1918.0 0.0 0.0
1918.0 1922.0 -0.02087499387562275 -2.731004306163673e-14
1922.0 1926.0 -0.051804665476083755 -6.777427740117109e-14
1926.0 1930.0 -0.03410773724317551 -4.4621990428822186e-14
1930.0 1934.0 0.0 0.0
1934.0 1938.0 -0.017033345997333527 -2.2284144269983132e-14
1938.0 1942.0 -0.017358355224132538 -2.2709344645109424e-14
1942.0 1946.0 -0.017378617078065872 -2.27358516941608e-14
1946.0 1950.0 0.0 0.0
1950.0 1954.0 -0.017145559191703796 -2.2430952020401247e-14
1954.0 1958.0 -0.03407078608870506 -4.457364856445649e-14
1958.0 1962.0 -0.03807173669338226 -4.980795303651843e-14
1962.0 1966.0 0.0 0.0
1966.0 1970.0 0.0 0.0
1970.0 1974.0 0.602155864238739 7.877799432752519e-13
1974.0 1978.0 0.0 0.0
1978.0 1982.0 0.0 0.0
1982.0 1986.0 -0.05701686814427376 -7.459322466348353e-14
1986.0 1990.0 0.0 0.0
1990.0 1994.0 0.0 0.0
1994.0 1998.0 0.0 0.0
1998.0 2002.0 0.0 0.0
2002.0 2006.0 -0.01714933104813099 -2.2435883446220162e-14
2006.0 2010.0 0.0 0.0
2010.0 2014.0 -0.03471079468727112 -4.541094740908094e-14
2014.0 2018.0 -0.03795158490538597 -4.9650764050298765e-14
2018.0 2022.0 0.0 0.0
2022.0 2026.0 -0.017170926555991173 -2.246413877127467e-14
2026.0 2030.0 -0.018876612186431885 -2.469562674202539e-14
2030.0 2034.0 0.0 0.0
2034.0 2038.0 0.621022641658783 8.12462727303731e-13
2038.0 2042.0 0.0 0.0
2042.0 2046.0 -0.03382602334022522 -4.4253432840944684e-14
2046.0 2050.0 0.0 0.0
2050.0 2054.0 0.6229679584503174 8.150077834834235e-13
2054.0 2058.0 0.0 0.0
2058.0 2062.0 0.0 0.0
2062.0 2066.0 0.7521970868110657 9.840738250319059e-13
2066.0 2070.0 0.0 0.0
2070.0 2074.0 -0.03794332221150398 -4.963995252176001e-14
2074.0 2078.0 0.0 0.0
2078.0 2082.0 0.0 0.0
2082.0 2086.0 0.0 0.0
2086.0 2090.0 0.0 0.0
2090.0 2094.0 0.0 0.0
2094.0 2098.0 0.0 0.0
2098.0 2102.0 0.7478671073913574 9.784089771008864e-13
2102.0 2106.0 -0.017230864614248276 -2.2542553693399685e-14
2106.0 2110.0 0.0 0.0
2110.0 2114.0 0.0 0.0
2114.0 2118.0 -0.01710927113890648 -2.2383475823707644e-14
2118.0 2122.0 -0.03780461847782135 -4.945849434753562e-14
2122.0 2126.0 0.0 0.0
2126.0 2130.0 -0.01691107638180256 -2.2124185486025946e-14
2130.0 2134.0 -0.0172035563737154 -2.2506825843684498e-14
2134.0 2138.0 -0.017481837421655655 -2.2870892462875658e-14
2138.0 2142.0 0.0 0.0
2142.0 2146.0 -0.03448222950100899 -4.511192783804123e-14
2146.0 2150.0 -0.020885372534394264 -2.7323620999781216e-14
2150.0 2154.0 0.0 0.0
2154.0 2158.0 -0.01992546021938324 -2.6067799787786623e-14
2158.0 2162.0 -0.01710558868944645 -2.237865790030366e-14
2162.0 2166.0 -0.03433424234390259 -4.491831643508963e-14
2166.0 2170.0 0.0 0.0
2170.0 2174.0 -0.017209818586707115 -2.2515018346350342e-14
2174.0 2178.0 -0.03810100257396698 -4.984624231386611e-14
2178.0 2182.0 0.0 0.0
2182.0 2186.0 0.0 0.0
2186.0 2190.0 -0.01714320480823517 -2.242786882047324e-14
2190.0 2194.0 -0.034074801951646805 -4.4578900168729466e-14
2194.0 2198.0 0.0 0.0
2198.0 2202.0 0.0 0.0
2202.0 2206.0 0.0 0.0
2206.0 2210.0 0.0 0.0
2210.0 2214.0 0.0 0.0
2214.0 2218.0 0.0 0.0
2218.0 2222.0 -0.018715623766183853 -2.4485010305624715e-14
2222.0 2226.0 0.0 0.0
2226.0 2230.0 0.0 0.0
2230.0 2234.0 0.0 0.0
2234.0 2238.0 -0.0208368469029665 -2.7260135880384506e-14
2238.0 2242.0 0.0 0.0
2242.0 2246.0 -0.039707522839307785 -5.1947998718415364e-14
2246.0 2250.0 0.0 0.0
2250.0 2254.0 0.0 0.0
2254.0 2258.0 0.0 0.0
2258.0 2262.0 0.0 0.0
2262.0 2266.0 -0.08958876132965088 -1.1720592758054232e-13
2266.0 2270.0 -0.017034143209457397 -2.2285189508640044e-14
2270.0 2274.0 0.0 0.0
2274.0 2278.0 -0.017081398516893387 -2.234701274939424e-14
2278.0 2282.0 -0.019004464149475098 -2.4862893726251487e-14
2282.0 2286.0 0.0 0.0
2286.0 2290.0 0.0 0.0
2290.0 2294.0 0.0 0.0
2294.0 2298.0 0.0 0.0
2298.0 2302.0 0.0 0.0
2302.0 2306.0 0.0 0.0
2306.0 2310.0 0.780895471572876 1.021618878903341e-12
2310.0 2314.0 0.7091715335845947 9.277849755823242e-13
2314.0 2318.0 -0.016945896670222282 -2.2169737223863388e-14
2318.0 2322.0 0.0 0.0
2322.0 2326.0 0.0 0.0
2326.0 2330.0 -0.0171669851988554 -2.2458982034691787e-14
2330.0 2334.0 0.0 0.0
2334.0 2338.0 0.0 0.0
2338.0 2342.0 -0.03809197247028351 -4.98344312864496e-14
2342.0 2346.0 0.0 0.0
2346.0 2350.0 -0.0208908561617136 -2.7330793674778565e-14
2350.0 2354.0 0.0 0.0
2354.0 2358.0 -0.05079546570777893 -6.645397665309971e-14
2358.0 2362.0 -0.03999011591076851 -5.231770488296934e-14
2362.0 2366.0 -0.01716158725321293 -2.245191947397758e-14
2366.0 2370.0 0.0 0.0
2370.0 2374.0 -0.03817005828022957 -4.9936586848020256e-14
2374.0 2378.0 0.0 0.0
2378.0 2382.0 0.0 0.0
2382.0 2386.0 0.0 0.0
2386.0 2390.0 -0.020872173830866814 -2.730635338611849e-14
2390.0 2394.0 -0.034100424498319626 -4.461242234465e-14
2394.0 2398.0 0.0 0.0
2398.0 2402.0 0.0 0.0
2402.0 2406.0 -0.017112743109464645 -2.238801761437082e-14
2406.0 2410.0 -0.054768167436122894 -7.165132338360705e-14
2410.0 2414.0 0.5868486762046814 7.677541328382498e-13
2414.0 2418.0 0.0 0.0
2418.0 2422.0 0.0 0.0
2422.0 2426.0 0.0 0.0
2426.0 2430.0 0.0 0.0
2430.0 2434.0 0.0 0.0
2434.0 2438.0 0.0 0.0
2438.0 2442.0 -0.017000112682580948 -2.2240667762866463e-14
2442.0 2446.0 -0.01685749925673008 -2.2054091815574758e-14
2446.0 2450.0 0.0 0.0
2450.0 2454.0 0.0 0.0
2454.0 2458.0 -0.039550893008708954 -5.1743084507815604e-14
2458.0 2462.0 0.0 0.0
2462.0 2466.0 0.0 0.0
2466.0 2470.0 -0.0342254601418972 -4.477600473555554e-14
2470.0 2474.0 -0.02095155045390129 -2.7410197931385973e-14
2474.0 2478.0 0.0 0.0
2478.0 2482.0 -0.017144793644547462 -2.2429949133391698e-14
2482.0 2486.0 -0.03451690822839737 -4.515729153456438e-14
2486.0 2490.0 0.0 0.0
2490.0 2494.0 0.0 0.0
2494.0 2498.0 -0.01712847501039505 -2.24086005149891e-14
2498.0 2502.0 0.0 0.0
2502.0 2506.0 0.0 0.0
2506.0 2510.0 0.0 0.0
2510.0 2514.0 -0.017229339107871056 -2.254055638971006e-14
2514.0 2518.0 0.0 0.0
2518.0 2522.0 -0.0518217459321022 -6.779662551845145e-14
2522.0 2526.0 -0.02090630866587162 -2.7351008963097737e-14
2526.0 2530.0 0.0 0.0
2530.0 2534.0 -0.017993802204728127 -2.3540676989653418e-14
2534.0 2538.0 0.0 0.0
2538.0 2542.0 0.0 0.0
2542.0 2546.0 -0.017198365181684494 -2.2500036027579308e-14
2546.0 2550.0 0.0 0.0
2550.0 2554.0 0.0 0.0
2554.0 2558.0 -0.037065353244543076 -4.84913385758335e-14
2558.0 2562.0 -0.0348978191614151 -4.565562473435661e-14
2562.0 2566.0 0.0 0.0
2566.0 2570.0 0.0 0.0
2570.0 2574.0 0.0 0.0
2574.0 2578.0 0.0 0.0
2578.0 2582.0 -0.01738218031823635 -2.2740515457568382e-14
2582.0 2586.0 -0.033915720880031586 -4.4370780785457295e-14
2586.0 2590.0 -0.017147541046142578 -2.243354224715395e-14
2590.0 2594.0 0.0 0.0
2594.0 2598.0 -0.034697577357292175 -4.53936543844298e-14
2598.0 2602.0 0.0 0.0
2602.0 2606.0 0.0 0.0
2606.0 2610.0 0.0 0.0
2610.0 2614.0 -0.016914110630750656 -2.2128152988350885e-14
2614.0 2618.0 0.0 0.0
2618.0 2622.0 -0.020885812118649483 -2.7324195288119454e-14
2622.0 2626.0 0.0 0.0
2626.0 2630.0 0.5996774435043335 7.845375282582168e-13
2630.0 2634.0 0.0 0.0
2634.0 2638.0 -0.02086465433239937 -2.7296515945469078e-14
2638.0 2642.0 -0.03482378274202347 -4.5558768210903974e-14
2642.0 2646.0 0.6213890314102173 8.129421072942955e-13
2646.0 2650.0 -0.021005505695939064 -2.7480786269078357e-14
2650.0 2654.0 0.0 0.0
2654.0 2658.0 0.0 0.0
2658.0 2662.0 0.0 0.0
2662.0 2666.0 -0.034462131559848785 -4.508563254722667e-14
2666.0 2670.0 -0.01712200976908207 -2.2400140349911925e-14
2670.0 2674.0 0.0 0.0
2674.0 2678.0 0.0 0.0
2678.0 2682.0 0.0 0.0
2682.0 2686.0 -0.017086241394281387 -2.2353346861773808e-14
2686.0 2690.0 -0.03465592861175537 -4.5339169837130613e-14
2690.0 2694.0 -0.07187500596046448 -9.40316211396966e-14
2694.0 2698.0 -0.03479507192969322 -4.552120399375914e-14
2698.0 2702.0 0.0 0.0
2702.0 2706.0 0.0 0.0
2706.0 2710.0 0.8279000520706177 1.0831134166638945e-12
2710.0 2714.0 -0.017082329839468002 -2.2348229088706498e-14
2714.0 2718.0 -0.03427310287952423 -4.483832941981451e-14
2718.0 2722.0 0.0 0.0
2722.0 2726.0 -0.05185163393616676 -6.78357245592967e-14
2726.0 2730.0 0.0 0.0
2730.0 2734.0 0.0 0.0
2734.0 2738.0 0.7503697276115417 9.816831592415753e-13
2738.0 2742.0 0.0 0.0
2742.0 2746.0 -0.033968735486269 -4.4440139231310266e-14
2746.0 2750.0 0.0 0.0
2750.0 2754.0 0.0 0.0
2754.0 2758.0 -0.03470173850655556 -4.539909911221475e-14
2758.0 2762.0 -0.016934709623456 -2.2155103882666623e-14
2762.0 2766.0 0.0 0.0
2766.0 2770.0 -0.03427964821457863 -4.484689800510894e-14
2770.0 2774.0 -0.017102841287851334 -2.2375063092475514e-14
2774.0 2778.0 0.0 0.0
2778.0 2782.0 0.0 0.0
2782.0 2786.0 0.0 0.0
2786.0 2790.0 0.6046797037124634 7.910818809915565e-13
2790.0 2794.0 -0.017087193205952644 -2.2354590306140378e-14
2794.0 2798.0 -0.03802008926868439 -4.974038352425006e-14
2798.0 2802.0 0.0 0.0
2802.0 2806.0 0.0 0.0
2806.0 2810.0 -0.017079466953873634 -2.234448350901374e-14
2810.0 2814.0 -0.020833728834986687 -2.7256058263776424e-14
2814.0 2818.0 0.5912754535675049 7.735455071627984e-13
2818.0 2822.0 -0.03787596523761749 -4.955183399019125e-14
2822.0 2826.0 -0.017382295802235603 -2.2740666229432993e-14
2826.0 2830.0 0.0 0.0
2830.0 2834.0 -0.016948003321886063 -2.2172495163139648e-14
2834.0 2838.0 0.5740259289741516 7.509785436739247e-13
2838.0 2842.0 0.0 0.0
2842.0 2846.0 -0.01706979237496853 -2.2331827142715865e-14
2846.0 2850.0 0.0 0.0
2850.0 2854.0 -0.017303599044680595 -2.2637709374694233e-14
2854.0 2858.0 -0.03475241735577583 -4.5465404851325816e-14
2858.0 2862.0 0.7475395202636719 9.7798050040232e-13
2862.0 2866.0 0.0 0.0
2866.0 2870.0 0.0 0.0
2870.0 2874.0 0.7464050650596619 9.764962276281874e-13
2874.0 2878.0 0.0 0.0
2878.0 2882.0 0.0 0.0
2882.0 2886.0 0.0 0.0
2886.0 2890.0 -0.01698928512632847 -2.2226501983856582e-14
2890.0 2894.0 0.0 0.0
2894.0 2898.0 0.0 0.0
2898.0 2902.0 0.6096075177192688 7.975287097394812e-13
2902.0 2906.0 -0.03398585319519043 -4.446253139430388e-14
2906.0 2910.0 -0.016976043581962585 -2.2209178466019337e-14
2910.0 2914.0 -0.017255891114473343 -2.2575293210876958e-14
2914.0 2918.0 0.0 0.0
2918.0 2922.0 0.0 0.0
2922.0 2926.0 -0.034134119749069214 -4.4656505327356905e-14
2926.0 2930.0 -0.020889772102236748 -2.7329375741624862e-14
2930.0 2934.0 -0.020921600982546806 -2.7371015881311883e-14
2934.0 2938.0 -0.0606708899140358 -7.937365500108873e-14
2938.0 2942.0 -0.01911390945315361 -2.5006076175655353e-14
2942.0 2946.0 0.0 0.0
2946.0 2950.0 -0.034676067531108856 -4.536551594992201e-14
2950.0 2954.0 -0.03477170690894127 -4.549063626875863e-14
2954.0 2958.0 0.0 0.0
2958.0 2962.0 -0.020888110622763634 -2.7327203949148102e-14
2962.0 2966.0 0.0 0.0
2966.0 2970.0 -0.017163405194878578 -2.2454296248427576e-14
2970.0 2974.0 0.0 0.0
2974.0 2978.0 0.0 0.0
2978.0 2982.0 -0.03827056288719177 -5.0068073466488436e-14
2982.0 2986.0 0.0 0.0
2986.0 2990.0 0.0 0.0
2990.0 2994.0 0.0 0.0
2994.0 2998.0 0.0 0.0
2998.0 3002.0 0.0 0.0
3002.0 3006.0 0.0 0.0
3006.0 3010.0 0.0 0.0
3010.0 3014.0 -0.017095129936933517 -2.2364974930073715e-14
3014.0 3018.0 0.0 0.0
3018.0 3022.0 0.7525861263275146 9.845827495316706e-13
3022.0 3026.0 -0.016919627785682678 -2.2135371403127387e-14
3026.0 3030.0 0.0 0.0
3030.0 3034.0 0.0 0.0
3034.0 3038.0 0.0 0.0
3038.0 3042.0 -0.017203666269779205 -2.2506969839285532e-14
3042.0 3046.0 0.0 0.0
3046.0 3050.0 0.0 0.0
3050.0 3054.0 0.0 0.0
3054.0 3058.0 -0.017052829265594482 -2.2309634879497803e-14
3058.0 3062.0 0.0 0.0
3062.0 3066.0 0.0 0.0
3066.0 3070.0 0.0 0.0
3070.0 3074.0 -0.017052318900823593 -2.2308967417535366e-14
3074.0 3078.0 0.0 0.0
3078.0 3082.0 0.0 0.0
3082.0 3086.0 0.0 0.0
3086.0 3090.0 -0.017070353031158447 -2.2332560673248188e-14
3090.0 3094.0 0.7393538355827332 9.672714018638118e-13
3094.0 3098.0 0.0 0.0
3098.0 3102.0 0.0 0.0
3102.0 3106.0 -0.01818002201616764 -2.3784302300008595e-14
3106.0 3110.0 0.0 0.0
3110.0 3114.0 0.0 0.0
3114.0 3118.0 0.0 0.0
3118.0 3122.0 0.0 0.0
3122.0 3126.0 0.0 0.0
3126.0 3130.0 0.0 0.0
3130.0 3134.0 0.0 0.0
3134.0 3138.0 0.0 0.0
3138.0 3142.0 0.0 0.0
3142.0 3146.0 0.0 0.0
3146.0 3150.0 -0.01710790954530239 -2.2381695360452515e-14
3150.0 3154.0 0.0 0.0
3154.0 3158.0 -0.051886387169361115 -6.788119328790532e-14
3158.0 3162.0 0.0 0.0
3162.0 3166.0 -0.02088582143187523 -2.7324207146580716e-14
3166.0 3170.0 -0.03395765647292137 -4.442564480351685e-14
3170.0 3174.0 -0.017000745981931686 -2.2241496161088878e-14
3174.0 3178.0 -0.10336503386497498 -1.352289455544206e-13
3178.0 3182.0 -0.017161443829536438 -2.245173143266329e-14
3182.0 3186.0 -0.05493815243244171 -7.187370680171098e-14
3186.0 3190.0 0.0 0.0
3190.0 3194.0 -0.01912098191678524 -2.501532916357116e-14
3194.0 3198.0 0.0 0.0
3198.0 3202.0 0.8218962550163269 1.075258805605106e-12
3202.0 3206.0 0.0 0.0
3206.0 3210.0 -0.01860230043530464 -2.4336754128866794e-14
3210.0 3214.0 0.5911012887954712 7.733176620762505e-13
3214.0 3218.0 0.0 0.0
3218.0 3222.0 -0.03469083085656166 -4.538482830111941e-14
3222.0 3226.0 0.5694363117218018 7.449741236224827e-13
3226.0 3230.0 0.0 0.0
3230.0 3234.0 0.0 0.0
3234.0 3238.0 0.0 0.0
3238.0 3242.0 0.0 0.0
3242.0 3246.0 -0.018622582778334618 -2.4363289977038377e-14
3246.0 3250.0 -0.017072847113013268 -2.233582344416101e-14
3250.0 3254.0 0.0 0.0
3254.0 3258.0 -0.06795445084571838 -8.890249105462933e-14
3258.0 3262.0 -0.02091473899781704 -2.7362040720202777e-14
3262.0 3266.0 -0.038010019809007645 -4.972721046785436e-14
3266.0 3270.0 -0.017601262778043747 -2.3027131078128503e-14
3270.0 3274.0 0.0 0.0
3274.0 3278.0 0.0 0.0
3278.0 3282.0 -0.01711917668581009 -2.239643373373474e-14
3282.0 3286.0 -0.017135264351963997 -2.2417480808408115e-14
3286.0 3290.0 -0.018920203670859337 -2.4752657470364023e-14
3290.0 3294.0 0.0 0.0
3294.0 3298.0 0.0 0.0
3298.0 3302.0 0.0 0.0
3302.0 3306.0 -0.017068173736333847 -2.232970956034773e-14
3306.0 3310.0 -0.0521608367562294 -6.824024716611463e-14
3310.0 3314.0 0.0 0.0
3314.0 3318.0 0.0 0.0
3318.0 3322.0 0.0 0.0
3322.0 3326.0 0.0 0.0
3326.0 3330.0 0.0 0.0
3330.0 3334.0 0.0 0.0
3334.0 3338.0 -0.020997535437345505 -2.7470359293497656e-14
3338.0 3342.0 0.0 0.0
3342.0 3346.0 -0.03470800444483757 -4.540729839114417e-14
3346.0 3350.0 -0.020913366228342056 -2.7360243316288703e-14
3350.0 3354.0 -0.017064686864614487 -2.2325147440893818e-14
3354.0 3358.0 0.0 0.0
3358.0 3362.0 0.0 0.0
3362.0 3366.0 0.7556962370872498 9.886515434445742e-13
3366.0 3370.0 0.0 0.0
3370.0 3374.0 0.0 0.0
3374.0 3378.0 -0.020986471325159073 -2.7455885194494975e-14
3378.0 3382.0 0.0 0.0
3382.0 3386.0 0.0 0.0
3386.0 3390.0 0.0 0.0
3390.0 3394.0 -0.034105997532606125 -4.4619713604259967e-14
3394.0 3398.0 -0.01714838296175003 -2.2434645084051276e-14
3398.0 3402.0 -0.03437017649412155 -4.4965330151794033e-14
3402.0 3406.0 -0.016989339143037796 -2.222657313462415e-14
3406.0 3410.0 0.0 0.0
3410.0 3414.0 0.5753745436668396 7.527428658692104e-13
3414.0 3418.0 0.0 0.0
3418.0 3422.0 0.0 0.0
3422.0 3426.0 -0.017122989520430565 -2.2401422757794068e-14
3426.0 3430.0 0.0 0.0
3430.0 3434.0 0.0 0.0
3434.0 3438.0 -0.017021263018250465 -2.2268338635187367e-14
3438.0 3442.0 -0.03437783941626549 -4.4975355633757735e-14
3442.0 3446.0 0.0 0.0
3446.0 3450.0 0.8388853669166565 1.097485058561276e-12
3450.0 3454.0 -0.034138087183237076 -4.466169594525768e-14
3454.0 3458.0 -0.017037058249115944 -2.2289001156902688e-14
3458.0 3462.0 0.0 0.0
3462.0 3466.0 0.0 0.0
3466.0 3470.0 -0.017067011445760727 -2.232818828917446e-14
3470.0 3474.0 -0.017162030562758446 -2.2452498844513502e-14
3474.0 3478.0 0.0 0.0
3478.0 3482.0 -0.01735358126461506 -2.2703096930090476e-14
3482.0 3486.0 0.0 0.0
3486.0 3490.0 -0.017156358808279037 -2.2445078835895554e-14
3490.0 3494.0 0.0 0.0
3494.0 3498.0 0.0 0.0
3498.0 3502.0 0.0 0.0
3502.0 3506.0 0.0 0.0
3506.0 3510.0 0.0 0.0
3510.0 3514.0 0.0 0.0
3514.0 3518.0 -0.05186806619167328 -6.785722564362981e-14
3518.0 3522.0 0.0 0.0
3522.0 3526.0 0.0 0.0
3526.0 3530.0 0.0 0.0
3530.0 3534.0 0.0 0.0
3534.0 3538.0 0.0 0.0
3538.0 3542.0 -0.01690763793885708 -2.211968604701013e-14
3542.0 3546.0 0.0 0.0
3546.0 3550.0 0.0 0.0
3550.0 3554.0 0.0 0.0
3554.0 3558.0 0.0 0.0
3558.0 3562.0 -0.020917605608701706 -2.7365789688027324e-14
3562.0 3566.0 0.0 0.0
3566.0 3570.0 -0.02087976597249508 -2.7316285694457994e-14
3570.0 3574.0 -0.017071256414055824 -2.2333743131242555e-14
3574.0 3578.0 -0.01751549355685711 -2.2914924623605726e-14
3578.0 3582.0 0.0 0.0
3582.0 3586.0 -0.02089008130133152 -2.7329782317439544e-14
3586.0 3590.0 0.0 0.0
3590.0 3594.0 -0.02087721787393093 -2.7312953466843495e-14
3594.0 3598.0 -0.01702490635216236 -2.227310404254862e-14
3598.0 3602.0 -0.016930336132645607 -2.2149381328074973e-14
3602.0 3606.0 0.0 0.0
3606.0 3610.0 0.0 0.0
3610.0 3614.0 0.0 0.0
3614.0 3618.0 0.0 0.0
3618.0 3622.0 0.0 0.0
3622.0 3626.0 0.0 0.0
3626.0 3630.0 -0.017148807644844055 -2.2435200737664675e-14
3630.0 3634.0 -0.034288156777620316 -4.485802462990407e-14
3634.0 3638.0 -0.01733408495783806 -2.2677591073982754e-14
3638.0 3642.0 -0.017176682129502296 -2.2471667200109867e-14
3642.0 3646.0 0.0 0.0
3646.0 3650.0 0.0 0.0
3650.0 3654.0 -0.01710384152829647 -2.237637260541197e-14
3654.0 3658.0 0.0 0.0
3658.0 3662.0 -0.017029883340001106 -2.227961603184711e-14
3662.0 3666.0 0.0 0.0
3666.0 3670.0 -0.020888688042759895 -2.7327959502537053e-14
3670.0 3674.0 -0.020917687565088272 -2.7365898108244573e-14
3674.0 3678.0 0.0 0.0
3678.0 3682.0 -0.016999345272779465 -2.223966318179102e-14
3682.0 3686.0 0.7377398014068604 9.65159809712679e-13
3686.0 3690.0 0.0 0.0
3690.0 3694.0 0.6199381947517395 8.110440487610338e-13
3694.0 3698.0 -0.0348144955933094 -4.554661837030856e-14
3698.0 3702.0 0.5907686948776245 7.728825175343235e-13
3702.0 3706.0 -0.05208229273557663 -6.813748512895373e-14
3706.0 3710.0 0.0 0.0
3710.0 3714.0 0.0 0.0
3714.0 3718.0 0.6198270916938782 8.108986572497034e-13
3718.0 3722.0 -0.034182608127593994 -4.4719937930710885e-14
3722.0 3726.0 0.0 0.0
3726.0 3730.0 0.0 0.0
3730.0 3734.0 -0.017021294683218002 -2.226837759870294e-14
3734.0 3738.0 -0.017143795266747475 -2.2428643008587032e-14
3738.0 3742.0 0.0 0.0
3742.0 3746.0 0.0 0.0
3746.0 3750.0 0.0 0.0
3750.0 3754.0 -0.017215464264154434 -2.2522402779584505e-14
3754.0 3758.0 0.0 0.0
3758.0 3762.0 -0.01724015362560749 -2.2554705228060995e-14
3762.0 3766.0 -0.02085711434483528 -2.7286651399765355e-14
3766.0 3770.0 -0.03744979575276375 -4.899428979925416e-14
3770.0 3774.0 0.0 0.0
3774.0 3778.0 0.0 0.0
3778.0 3782.0 0.753852367401123 9.862393020310112e-13
3782.0 3786.0 0.0 0.0
3786.0 3790.0 -0.03378401696681976 -4.4198477343326825e-14
3790.0 3794.0 0.0 0.0
3794.0 3798.0 0.0 0.0
3798.0 3802.0 0.0 0.0
3802.0 3806.0 0.0 0.0
3806.0 3810.0 -0.01703389175236225 -2.2284859165790614e-14
3810.0 3814.0 0.0 0.0
3814.0 3818.0 -0.01716889627277851 -2.246148247595208e-14
3818.0 3822.0 -0.03813011199235916 -4.988432152704288e-14
3822.0 3826.0 0.0 0.0
3826.0 3830.0 -0.016928035765886307 -2.2146372667046325e-14
3830.0 3834.0 0.0 0.0
3834.0 3838.0 -0.01720527745783329 -2.25090772572583e-14
3838.0 3842.0 0.0 0.0
3842.0 3846.0 -0.017352180555462837 -2.2701267338924407e-14
3846.0 3850.0 0.0 0.0
3850.0 3854.0 -0.017080174759030342 -2.2345410163058035e-14
3854.0 3858.0 -0.03958745300769806 -5.179091815241295e-14
3858.0 3862.0 0.0 0.0
3862.0 3866.0 0.0 0.0
3866.0 3870.0 -0.016917042434215546 -2.2131990047601947e-14
3870.0 3874.0 0.0 0.0
3874.0 3878.0 -0.01717398874461651 -2.2468145237115184e-14
3878.0 3882.0 0.0 0.0
3882.0 3886.0 -0.016916705295443535 -2.213154789640348e-14
3886.0 3890.0 -0.020879868417978287 -2.731641952566366e-14
3890.0 3894.0 0.0 0.0
3894.0 3898.0 -0.036816343665122986 -4.81655697043195e-14
3898.0 3902.0 0.0 0.0
3902.0 3906.0 -0.021440166980028152 -2.8049440144151637e-14
3906.0 3910.0 -0.018646040931344032 -2.4393979674783295e-14
3910.0 3914.0 -0.05219379812479019 -6.828336453126166e-14
3914.0 3918.0 0.0 0.0
3918.0 3922.0 0.0 0.0
3922.0 3926.0 -0.034141071140766144 -4.4665599073078627e-14
3926.0 3930.0 0.0 0.0
3930.0 3934.0 0.0 0.0
3934.0 3938.0 0.0 0.0
3938.0 3942.0 0.0 0.0
3942.0 3946.0 -0.037936024367809296 -4.963040476637856e-14
3946.0 3950.0 0.0 0.0
3950.0 3954.0 -0.03824537992477417 -5.0035123884840244e-14
3954.0 3958.0 0.0 0.0
3958.0 3962.0 -0.01709563471376896 -2.2365637309838468e-14
3962.0 3966.0 -0.0208909809589386 -2.7330957999170333e-14
3966.0 3970.0 0.0 0.0
3970.0 3974.0 -0.03804284334182739 -4.9770155038280153e-14
3974.0 3978.0 -0.017304277047514915 -2.263859537115706e-14
3978.0 3982.0 -0.01695161871612072 -2.2177224995117116e-14
3982.0 3986.0 0.0 0.0
3986.0 3990.0 0.0 0.0
3990.0 3994.0 0.0 0.0
3994.0 3998.0 0.5915141105651855 7.738577031783656e-13
3998.0 4002.0 0.0 0.0
4002.0 4006.0 0.0 0.0
4006.0 4010.0 0.0 0.0
4010.0 4014.0 -0.03814893215894699 -4.9908946468885454e-14
4014.0 4018.0 -0.08672698587179184 -1.1346196063851538e-13
4018.0 4022.0 0.0 0.0
4022.0 4026.0 -0.02091255597770214 -2.735918283103874e-14
4026.0 4030.0 0.0 0.0
4030.0 4034.0 0.0 0.0
4034.0 4038.0 0.0 0.0
4038.0 4042.0 -0.033966295421123505 -4.443694422303322e-14
4042.0 4046.0 -0.034812796860933304 -4.5544392367723174e-14
4046.0 4050.0 0.0 0.0
4050.0 4054.0 0.0 0.0
4054.0 4058.0 0.0 0.0
4058.0 4062.0 0.0 0.0
4062.0 4066.0 0.0 0.0
4066.0 4070.0 0.0 0.0
4070.0 4074.0 0.6051122546195984 7.916477261053767e-13
4074.0 4078.0 -0.020898211747407913 -2.734041766312527e-14
4078.0 4082.0 0.0 0.0
4082.0 4086.0 0.0 0.0
4086.0 4090.0 -0.03480713441967964 -4.553698591163238e-14
4090.0 4094.0 0.0 0.0
4094.0 4098.0 0.0 0.0
4098.0 4102.0 0.0 0.0
4102.0 4106.0 -0.017827995121479034 -2.3323756934059275e-14
4106.0 4110.0 0.0 0.0
4110.0 4114.0 0.0 0.0
4114.0 4118.0 -0.01733725517988205 -2.268173814729251e-14
4118.0 4122.0 -0.020903462544083595 -2.7347285406261607e-14
4122.0 4126.0 -0.017032017931342125 -2.228240785244126e-14
4126.0 4130.0 -0.03451769798994064 -4.515832491476003e-14
4130.0 4134.0 -0.033939894288778305 -4.440240560757598e-14
4134.0 4138.0 0.0 0.0
4138.0 4142.0 0.0 0.0
4142.0 4146.0 -0.04183746129274368 -5.4734523662579304e-14
4146.0 4150.0 -0.020876623690128326 -2.731217419653202e-14
4150.0 4154.0 -0.03473939746618271 -4.544836932469064e-14
4154.0 4158.0 0.0 0.0
4158.0 4162.0 0.0 0.0
4162.0 4166.0 -0.019004428759217262 -2.4862844598340546e-14
4166.0 4170.0 0.0 0.0
4170.0 4174.0 0.0 0.0
4174.0 4178.0 0.0 0.0
4178.0 4182.0 -0.03792209178209305 -4.961217661735365e-14
4182.0 4186.0 0.0 0.0
4186.0 4190.0 0.0 0.0
4190.0 4194.0 0.0 0.0
4194.0 4198.0 -0.017210673540830612 -2.2516136429840718e-14
4198.0 4202.0 -0.02092338353395462 -2.7373346915982727e-14
4202.0 4206.0 0.7093473076820374 9.280149348631084e-13
4206.0 4210.0 0.0 0.0
4210.0 4214.0 0.0 0.0
4214.0 4218.0 0.0 0.0
4218.0 4222.0 0.0 0.0
4222.0 4226.0 0.0 0.0
4226.0 4230.0 0.0 0.0
4230.0 4234.0 -0.018772201612591743 -2.455902912675348e-14
4234.0 4238.0 0.0 0.0
4238.0 4242.0 -0.01878686249256134 -2.4578211034877e-14
4242.0 4246.0 0.0 0.0
4246.0 4250.0 0.0 0.0
4250.0 4254.0 0.0 0.0
4254.0 4258.0 0.0 0.0
4258.0 4262.0 0.0 0.0
4262.0 4266.0 -0.017093202099204063 -2.2362454160022686e-14
4266.0 4270.0 -0.03804752975702286 -4.9776284168686485e-14
4270.0 4274.0 0.0 0.0
4274.0 4278.0 0.0 0.0
4278.0 4282.0 0.0 0.0
4282.0 4286.0 0.0 0.0
4286.0 4290.0 -0.051265716552734375 -6.706918684708588e-14
4290.0 4294.0 0.0 0.0
4294.0 4298.0 -0.01705784909427166 -2.2316201078904918e-14
4298.0 4302.0 0.0 0.0
4302.0 4306.0 0.0 0.0
4306.0 4310.0 -0.017158206552267075 -2.2447496267927018e-14
4310.0 4314.0 0.0 0.0
4314.0 4318.0 0.0 0.0
4318.0 4322.0 -0.017097609117627144 -2.23682190662617e-14
4322.0 4326.0 -0.017125269398093224 -2.2404406007834297e-14
4326.0 4330.0 0.0 0.0
4330.0 4334.0 0.0 0.0
4334.0 4338.0 0.0 0.0
4338.0 4342.0 -0.01706501841545105 -2.2325581121762812e-14
4342.0 4346.0 -0.03799040615558624 -4.970155553394792e-14
4346.0 4350.0 0.0 0.0
4350.0 4354.0 0.0 0.0
4354.0 4358.0 0.0 0.0
4358.0 4362.0 0.0 0.0
4362.0 4366.0 -0.0380326509475708 -4.975681935155858e-14
4366.0 4370.0 -0.0209093876183033 -2.7355037451794878e-14
4370.0 4374.0 0.0 0.0
4374.0 4378.0 -0.034651726484298706 -4.533367089923704e-14
4378.0 4382.0 -0.03423205763101578 -4.478463430722217e-14
4382.0 4386.0 0.0 0.0
4386.0 4390.0 0.7509868741035461 9.824905645994253e-13
4390.0 4394.0 -0.0358220599591732 -4.686477781908928e-14
4394.0 4398.0 0.0 0.0
4398.0 4402.0 0.0 0.0
4402.0 4406.0 -0.018876533955335617 -2.469552509807172e-14
4406.0 4410.0 0.0 0.0
4410.0 4414.0 0.0 0.0
4414.0 4418.0 0.0 0.0
4418.0 4422.0 -0.017148396000266075 -2.243466202471022e-14
4422.0 4426.0 0.7327122688293457 9.585824972332957e-13
4426.0 4430.0 -0.01727049984037876 -2.2594405662298804e-14
4430.0 4434.0 -0.03471607714891434 -4.541785580979875e-14
4434.0 4438.0 -0.0171002596616745 -2.2371686819147758e-14
4438.0 4442.0 -0.017311101779341698 -2.2647524792487016e-14
4442.0 4446.0 0.0 0.0
4446.0 4450.0 0.0 0.0
4450.0 4454.0 0.0 0.0
4454.0 4458.0 0.0 0.0
4458.0 4462.0 0.0 0.0
4462.0 4466.0 0.0 0.0
4466.0 4470.0 0.0 0.0
4470.0 4474.0 0.0 0.0
4474.0 4478.0 0.0 0.0
4478.0 4482.0 0.0 0.0
4482.0 4486.0 -0.017041843384504318 -2.2295264118514686e-14
4486.0 4490.0 0.0 0.0
4490.0 4494.0 0.0 0.0
4494.0 4498.0 0.0 0.0
4498.0 4502.0 0.0 0.0
4502.0 4506.0 0.5862091183662415 7.669173998116341e-13
4506.0 4510.0 0.0 0.0
4510.0 4514.0 0.0 0.0
4514.0 4518.0 -0.020946349948644638 -2.740339625681952e-14
4518.0 4522.0 -0.01699836552143097 -2.2238380773908877e-14
4522.0 4526.0 0.0 0.0
4526.0 4530.0 -0.017076343297958374 -2.2340397422076184e-14
4530.0 4534.0 0.0 0.0
4534.0 4538.0 0.0 0.0
4538.0 4542.0 0.0 0.0
4542.0 4546.0 0.0 0.0
4546.0 4550.0 0.0 0.0
4550.0 4554.0 -0.01753457635641098 -2.2939888378627205e-14
4554.0 4558.0 -0.0396338514983654 -5.185161653341319e-14
4558.0 4562.0 0.0 0.0
4562.0 4566.0 -0.056587643921375275 -7.403168925329898e-14
4566.0 4570.0 0.0 0.0
4570.0 4574.0 0.0 0.0
4574.0 4578.0 0.0 0.0
4578.0 4582.0 0.0 0.0
4582.0 4586.0 0.0 0.0
4586.0 4590.0 -0.02086784690618515 -2.7300693511964937e-14
4590.0 4594.0 0.6993212699890137 9.148981485601615e-13
4594.0 4598.0 0.0 0.0
4598.0 4602.0 0.0 0.0
4602.0 4606.0 0.0 0.0
4606.0 4610.0 0.0 0.0
4610.0 4614.0 -0.016888270154595375 -2.209434959749186e-14
4614.0 4618.0 -0.03394581750035286 -4.4410154264977464e-14
4618.0 4622.0 0.0 0.0
4622.0 4626.0 0.0 0.0
4626.0 4630.0 -0.017048481851816177 -2.2303947900289937e-14
4630.0 4634.0 0.0 0.0
4634.0 4638.0 -0.037783749401569366 -4.943118939344793e-14
4638.0 4642.0 -0.017066821455955505 -2.2327939261487968e-14
4642.0 4646.0 -0.017172692343592644 -2.2466447783088886e-14
4646.0 4650.0 0.0 0.0
4650.0 4654.0 -0.017247676849365234 -2.2564546056842195e-14
4654.0 4658.0 0.0 0.0
4658.0 4662.0 -0.01697084680199623 -2.220238187365057e-14
4662.0 4666.0 0.0 0.0
4666.0 4670.0 0.0 0.0
4670.0 4674.0 -0.017359506338834763 -2.2710848975623747e-14
4674.0 4678.0 0.0 0.0
4678.0 4682.0 -0.034782376140356064 -4.550459537172938e-14
4682.0 4686.0 0.0 0.0
4686.0 4690.0 0.0 0.0
4690.0 4694.0 0.0 0.0
4694.0 4698.0 0.0 0.0
4698.0 4702.0 0.0 0.0
4702.0 4706.0 0.7455822229385376 9.754197232911266e-13
4706.0 4710.0 0.0 0.0
4710.0 4714.0 0.0 0.0
4714.0 4718.0 -0.035026952624320984 -4.5824567149752374e-14
4718.0 4722.0 -0.01792118512094021 -2.344567546835527e-14
4722.0 4726.0 -0.03635634481906891 -4.7563762959690684e-14
4726.0 4730.0 -0.01703057810664177 -2.2280524051166567e-14
4730.0 4734.0 0.0 0.0
4734.0 4738.0 -0.037186358124017715 -4.864964564554354e-14
4738.0 4742.0 -0.03788363188505173 -4.956186624841853e-14
4742.0 4746.0 0.0 0.0
4746.0 4750.0 -0.03819160535931587 -4.996477271637309e-14
4750.0 4754.0 -0.01720605418086052 -2.2510093696795005e-14
4754.0 4758.0 0.0 0.0
4758.0 4762.0 -0.0182163268327713 -2.3831798825492932e-14
4762.0 4766.0 0.0 0.0
4766.0 4770.0 -0.037894152104854584 -4.957562883974552e-14
4770.0 4774.0 -0.017285920679569244 -2.2614580293036507e-14
4774.0 4778.0 0.0 0.0
4778.0 4782.0 0.0 0.0
4782.0 4786.0 0.0 0.0
4786.0 4790.0 0.0 0.0
4790.0 4794.0 0.6092386245727539 7.970460771423993e-13
4794.0 4798.0 -0.03799702227115631 -4.971021221066886e-14
4798.0 4802.0 -0.05564647912979126 -7.280039472732508e-14
4802.0 4806.0 -0.017278123646974564 -2.2604378628219776e-14
4806.0 4810.0 0.0 0.0
4810.0 4814.0 -0.03433428704738617 -4.491837742146183e-14
4814.0 4818.0 -0.02092672325670719 -2.7377719300056454e-14
4818.0 4822.0 0.6036627292633057 7.897513480854823e-13
4822.0 4826.0 0.0 0.0
4826.0 4830.0 -0.017152024433016777 -2.2439408797346634e-14
4830.0 4834.0 0.0 0.0
4834.0 4838.0 -0.01919335499405861 -2.511001220048114e-14
4838.0 4842.0 -0.01714019663631916 -2.2423933505400298e-14
4842.0 4846.0 0.0 0.0
4846.0 4850.0 -0.03490864112973213 -4.566978373710291e-14
4850.0 4854.0 -0.020903900265693665 -2.7347859694599845e-14
4854.0 4858.0 0.5995316505432129 7.843468170960766e-13
4858.0 4862.0 -0.016863064840435982 -2.2061372910789356e-14
4862.0 4866.0 0.0 0.0
4866.0 4870.0 -0.018200594931840897 -2.3811217618940547e-14
4870.0 4874.0 -0.017252635210752487 -2.2571036023284058e-14
4874.0 4878.0 -0.01788223721086979 -2.3394723048446135e-14
4878.0 4882.0 -0.017922567203640938 -2.344748303666471e-14
4882.0 4886.0 -0.017201801761984825 -2.2504528690331545e-14
4886.0 4890.0 -0.017168710008263588 -2.2461238530463272e-14
4890.0 4894.0 -0.017083775252103806 -2.235011966624477e-14
4894.0 4898.0 0.0 0.0
4898.0 4902.0 -0.01699967309832573 -2.2240093474528225e-14
4902.0 4906.0 -0.017441367730498314 -2.281794782147458e-14
4906.0 4910.0 -0.0347234271466732 -4.542747471594777e-14
4910.0 4914.0 0.0 0.0
4914.0 4918.0 0.0 0.0
4918.0 4922.0 -0.017338650301098824 -2.2683564350326792e-14
4922.0 4926.0 -0.0515783317387104 -6.747816823533814e-14
4926.0 4930.0 0.0 0.0
4930.0 4934.0 0.0 0.0
4934.0 4938.0 0.0 0.0
4938.0 4942.0 -0.02089576981961727 -2.7337222654848226e-14
4942.0 4946.0 0.0 0.0
4946.0 4950.0 0.5705205798149109 7.463926395348541e-13
4950.0 4954.0 -0.017105985432863235 -2.2379177978533275e-14
4954.0 4958.0 0.7162725925445557 9.370750703174835e-13
4958.0 4962.0 -0.03411686047911644 -4.4633923428983105e-14
4962.0 4966.0 0.0 0.0
4966.0 4970.0 0.0 0.0
4970.0 4974.0 0.0 0.0
4974.0 4978.0 -0.034400831907987595 -4.500543207964884e-14
4978.0 4982.0 0.0 0.0
4982.0 4986.0 -0.017191041260957718 -2.2490452696814073e-14
4986.0 4990.0 0.0 0.0
4990.0 4994.0 0.0 0.0
4994.0 4998.0 0.0 0.0
4998.0 5002.0 0.0 0.0
5002.0 5006.0 0.0 0.0
5006.0 5010.0 0.0 0.0
5010.0 5014.0 0.0 0.0
5014.0 5018.0 -0.020931925624608994 -2.7384524362754695e-14
5018.0 5022.0 0.0 0.0
5022.0 5026.0 0.0 0.0
5026.0 5030.0 -0.01710699498653412 -2.2380499349930992e-14
5030.0 5034.0 0.0 0.0
5034.0 5038.0 0.0 0.0
5038.0 5042.0 0.0 0.0
5042.0 5046.0 0.0 0.0
5046.0 5050.0 -0.017273204401135445 -2.2597942871886538e-14
5050.0 5054.0 0.0 0.0
5054.0 5058.0 0.0 0.0
5058.0 5062.0 -0.038073740899562836 -4.981057545052313e-14
5062.0 5066.0 0.0 0.0
5066.0 5070.0 -0.017171891406178474 -2.246540085036608e-14
5070.0 5074.0 -0.020891910418868065 -2.733217433848259e-14
5074.0 5078.0 0.0 0.0
5078.0 5082.0 0.0 0.0
5082.0 5086.0 -0.053407683968544006 -6.987145643967338e-14
5086.0 5090.0 0.0 0.0
5090.0 5094.0 0.0 0.0
5094.0 5098.0 -0.017057964578270912 -2.2316353544835424e-14
5098.0 5102.0 0.0 0.0
5102.0 5106.0 0.0 0.0
5106.0 5110.0 0.0 0.0
5110.0 5114.0 -0.06957818567752838 -9.102676837118018e-14
5114.0 5118.0 -0.01724391058087349 -2.2559619713220964e-14
5118.0 5122.0 0.0 0.0
5122.0 5126.0 -0.017393385991454124 -2.2755174209753565e-14
5126.0 5130.0 0.0 0.0
5130.0 5134.0 -0.0376572422683239 -4.9265685931818015e-14
5134.0 5138.0 -0.017031390219926834 -2.2281586230482424e-14
5138.0 5142.0 0.0 0.0
5142.0 5146.0 0.0 0.0
5146.0 5150.0 0.0 0.0
5150.0 5154.0 -0.01952200010418892 -2.5539967818573317e-14
5154.0 5158.0 0.0 0.0
5158.0 5162.0 -0.01831568032503128 -2.3961781113446788e-14
5162.0 5166.0 0.0 0.0
5166.0 5170.0 -0.01709207333624363 -2.236097524049678e-14
5170.0 5174.0 -0.12149521708488464 -1.5894805003441315e-13
5174.0 5178.0 0.0 0.0
5178.0 5182.0 0.0 0.0
5182.0 5186.0 -0.018135154619812965 -2.3725604610829766e-14
5186.0 5190.0 -0.03483572229743004 -4.5574384110319555e-14
5190.0 5194.0 0.0 0.0
5194.0 5198.0 -0.017081139609217644 -2.2346672242149444e-14
5198.0 5202.0 0.0 0.0
5202.0 5206.0 0.0 0.0
5206.0 5210.0 0.0 0.0
5210.0 5214.0 0.0 0.0
5214.0 5218.0 0.0 0.0
5218.0 5222.0 0.0 0.0
5222.0 5226.0 0.0 0.0
5226.0 5230.0 0.0 0.0
5230.0 5234.0 0.0 0.0
5234.0 5238.0 -0.017763452604413033 -2.3239319607679283e-14
5238.0 5242.0 0.0 0.0
5242.0 5246.0 0.0 0.0
5246.0 5250.0 0.0 0.0
5250.0 5254.0 -0.01832006499171257 -2.39675155264997e-14
5254.0 5258.0 -0.018778350204229355 -2.45670742456865e-14
5258.0 5262.0 0.0 0.0
5262.0 5266.0 0.0 0.0
5266.0 5270.0 0.0 0.0
5270.0 5274.0 0.0 0.0
5274.0 5278.0 0.0 0.0
5278.0 5282.0 0.0 0.0
5282.0 5286.0 0.0 0.0
5286.0 5290.0 0.0 0.0
5290.0 5294.0 0.0 0.0
5294.0 5298.0 0.0 0.0
5298.0 5302.0 0.0 0.0
5302.0 5306.0 -0.017144257202744484 -2.2429246096045477e-14
5306.0 5310.0 0.0 0.0
5310.0 5314.0 0.0 0.0
5314.0 5318.0 -0.03788502514362335 -4.956368906332102e-14
5318.0 5322.0 -0.01698383502662182 -2.2219371660506596e-14
5322.0 5326.0 0.0 0.0
5326.0 5330.0 0.0 0.0
5330.0 5334.0 -0.01706831157207489 -2.2329890825398442e-14
5334.0 5338.0 0.0 0.0
5338.0 5342.0 0.0 0.0
5342.0 5346.0 0.0 0.0
5346.0 5350.0 -0.02090839296579361 -2.7353736409187895e-14
5350.0 5354.0 0.0 0.0
5354.0 5358.0 -0.020923251286149025 -2.7373175815327382e-14
5358.0 5362.0 0.0 0.0
5362.0 5366.0 0.0 0.0
5366.0 5370.0 -0.017086926847696304 -2.2354243022632003e-14
5370.0 5374.0 0.0 0.0
5374.0 5378.0 0.0 0.0
5378.0 5382.0 0.0 0.0
5382.0 5386.0 -0.033974844962358475 -4.444812844606877e-14
5386.0 5390.0 -0.017055539414286613 -2.231318055941501e-14
5390.0 5394.0 -0.03432916849851608 -4.4911679084914946e-14
5394.0 5398.0 0.0 0.0
5398.0 5402.0 0.0 0.0
5402.0 5406.0 -0.034823227673769 -4.5558039762569336e-14
5406.0 5410.0 0.0 0.0
5410.0 5414.0 0.0 0.0
5414.0 5418.0 -0.017218712717294693 -2.2526653190913827e-14
5418.0 5422.0 0.0 0.0
5422.0 5426.0 0.0 0.0
5426.0 5430.0 -0.034811221063137054 -4.554233238359545e-14
5430.0 5434.0 0.0 0.0
5434.0 5438.0 0.0 0.0
5438.0 5442.0 -0.038071487098932266 -4.980763116399847e-14
5442.0 5446.0 0.0 0.0
5446.0 5450.0 0.0 0.0
5450.0 5454.0 0.0 0.0
5454.0 5458.0 -0.02093353122472763 -2.7386625004463885e-14
5458.0 5462.0 -0.03778325021266937 -4.943053548401265e-14
5462.0 5466.0 0.0 0.0
5466.0 5470.0 -0.03409106656908989 -4.460018102449628e-14
5470.0 5474.0 -0.03425884246826172 -4.4819674366184184e-14
5474.0 5478.0 0.0 0.0
5478.0 5482.0 -0.034727342426776886 -4.543259757121276e-14
5482.0 5486.0 0.5912506580352783 7.735130353077324e-13
5486.0 5490.0 0.0 0.0
5490.0 5494.0 0.0 0.0
5494.0 5498.0 -0.055686697363853455 -7.285300563774494e-14
5498.0 5502.0 0.0 0.0
5502.0 5506.0 -0.016920046880841255 -2.2135920280477207e-14
5506.0 5510.0 0.6049331426620483 7.914134300159026e-13
5510.0 5514.0 0.5913398265838623 7.736296954614919e-13
5514.0 5518.0 -0.03475325554609299 -4.546649582976188e-14
5518.0 5522.0 -0.017123615369200706 -2.240224268568701e-14
5522.0 5526.0 -0.017394160851836205 -2.275618726115848e-14
5526.0 5530.0 0.0 0.0
5530.0 5534.0 0.0 0.0
5534.0 5538.0 -0.01734124682843685 -2.268696095244528e-14
5538.0 5542.0 0.0 0.0
5542.0 5546.0 -0.02086603082716465 -2.729831673751494e-14
5546.0 5550.0 -0.03404311090707779 -4.453743960002726e-14
5550.0 5554.0 0.0 0.0
5554.0 5558.0 0.0 0.0
5558.0 5562.0 -0.02087395079433918 -2.7308677644525756e-14
5562.0 5566.0 0.0 0.0
5566.0 5570.0 0.0 0.0
5570.0 5574.0 0.0 0.0
5574.0 5578.0 0.0 0.0
5578.0 5582.0 0.0 0.0
5582.0 5586.0 -0.01906352862715721 -2.4940165153897707e-14
5586.0 5590.0 -0.01716158539056778 -2.2451917779911686e-14
5590.0 5594.0 -0.01705104671418667 -2.230730384482696e-14
5594.0 5598.0 -0.020853431895375252 -2.7281831782295478e-14
5598.0 5602.0 -0.03466058522462845 -4.5345265086219055e-14
5602.0 5606.0 0.0 0.0
5606.0 5610.0 0.0 0.0
5610.0 5614.0 -0.017146989703178406 -2.2432822269148785e-14
5614.0 5618.0 0.0 0.0
5618.0 5622.0 -0.01725035160779953 -2.256804599698025e-14
5622.0 5626.0 0.0 0.0
5626.0 5630.0 -0.018483109772205353 -2.418082383360675e-14
5630.0 5634.0 -0.020870093256235123 -2.7303631022226015e-14
5634.0 5638.0 -0.017328282818198204 -2.266999996470946e-14
5638.0 5642.0 0.0 0.0
5642.0 5646.0 0.0 0.0
5646.0 5650.0 0.0 0.0
5650.0 5654.0 -0.01750859245657921 -2.2905895252387995e-14
5654.0 5658.0 -0.034807052463293076 -4.5536880879546923e-14
5658.0 5662.0 -0.017283214256167412 -2.261104138938288e-14
5662.0 5666.0 -0.05182770639657974 -6.780441822156619e-14
5666.0 5670.0 0.0 0.0
5670.0 5674.0 0.0 0.0
5674.0 5678.0 0.7575545907020569 9.91082866816373e-13
5678.0 5682.0 0.0 0.0
5682.0 5686.0 -0.017206275835633278 -2.2510383382062966e-14
5686.0 5690.0 0.0 0.0
5690.0 5694.0 0.0 0.0
5694.0 5698.0 0.0 0.0
5698.0 5702.0 -0.03415250405669212 -4.468055428679535e-14
5702.0 5706.0 0.0 0.0
5706.0 5710.0 0.0 0.0
5710.0 5714.0 -0.034339264035224915 -4.4924889410760324e-14
5714.0 5718.0 0.0 0.0
5718.0 5722.0 0.0 0.0
5722.0 5726.0 -0.03472312167286873 -4.5427078304528454e-14
5726.0 5730.0 0.0 0.0
5730.0 5734.0 0.0 0.0
5734.0 5738.0 0.0 0.0
5738.0 5742.0 -0.03466174378991127 -4.5346779581128746e-14
5742.0 5746.0 0.0 0.0
5746.0 5750.0 0.0 0.0
5750.0 5754.0 0.0 0.0
5754.0 5758.0 0.0 0.0
5758.0 5762.0 0.0 0.0
5762.0 5766.0 0.0 0.0
5766.0 5770.0 -0.02088375762104988 -2.7321508499610764e-14
5770.0 5774.0 0.0 0.0
5774.0 5778.0 0.0 0.0
5778.0 5782.0 0.0 0.0
5782.0 5786.0 0.0 0.0
5786.0 5790.0 -0.02096889354288578 -2.7432889944042915e-14
5790.0 5794.0 0.0 0.0
5794.0 5798.0 0.0 0.0
5798.0 5802.0 0.0 0.0
5802.0 5806.0 0.0 0.0
5806.0 5810.0 0.0 0.0
5810.0 5814.0 -0.03794010356068611 -4.963574446207805e-14
5814.0 5818.0 -0.020871233195066452 -2.7305121800213182e-14
5818.0 5822.0 -0.02091849409043789 -2.7366951817230957e-14
5822.0 5826.0 -0.017432350665330887 -2.280614865251933e-14
5826.0 5830.0 -0.016949011012911797 -2.2173813146405576e-14
5830.0 5834.0 -0.01714046113193035 -2.2424280788908672e-14
5834.0 5838.0 0.0 0.0
5838.0 5842.0 0.0 0.0
5842.0 5846.0 -0.034457556903362274 -4.507964910648726e-14
5846.0 5850.0 0.0 0.0
5850.0 5854.0 -0.034764133393764496 -4.548073275953933e-14
5854.0 5858.0 -0.01701338030397892 -2.2258025162021598e-14
5858.0 5862.0 0.0 0.0
5862.0 5866.0 0.0 0.0
5866.0 5870.0 -0.034665949642658234 -4.535227851902232e-14
5870.0 5874.0 -0.017240550369024277 -2.2555223612224715e-14
5874.0 5878.0 -0.03469812497496605 -4.539437266836907e-14
5878.0 5882.0 -0.017128106206655502 -2.2408117706209166e-14
5882.0 5886.0 -0.03419385477900505 -4.4734652587070586e-14
5886.0 5890.0 0.8117579817771912 1.0619953267482218e-12
5890.0 5894.0 0.0 0.0
5894.0 5898.0 -0.020885417237877846 -2.732367859802163e-14
5898.0 5902.0 -0.03419863432645798 -4.474090707835311e-14
5902.0 5906.0 -0.020918719470500946 -2.73672465846966e-14
5906.0 5910.0 -0.034807030111551285 -4.553685038636082e-14
5910.0 5914.0 -0.017324643209576607 -2.2665239639545892e-14
5914.0 5918.0 -0.05093453451991081 -6.663591255390636e-14
5918.0 5922.0 0.0 0.0
5922.0 5926.0 0.0 0.0
5926.0 5930.0 -0.03402381017804146 -4.4512191241935506e-14
5930.0 5934.0 -0.020860176533460617 -2.7290657865605868e-14
5934.0 5938.0 0.0 0.0
5938.0 5942.0 0.0 0.0
5942.0 5946.0 0.0 0.0
5946.0 5950.0 -0.034333158284425735 -4.491690019600182e-14
5950.0 5954.0 0.0 0.0
5954.0 5958.0 0.0 0.0
5958.0 5962.0 0.0 0.0
5962.0 5966.0 0.0 0.0
5966.0 5970.0 -0.020888883620500565 -2.732821361242123e-14
5970.0 5974.0 0.0 0.0
5974.0 5978.0 -0.02085571549832821 -2.7284821808599286e-14
5978.0 5982.0 0.0 0.0
5982.0 5986.0 -0.02099829725921154 -2.7471357098309522e-14
5986.0 5990.0 -0.017353085801005363 -2.2702449796918774e-14
5990.0 5994.0 0.0 0.0
5994.0 5998.0 -0.03800153732299805 -4.971611772437712e-14
