4.000000000000000000e+00 -3.186222612857818604e-01 -2.447241628095175869e-13
8.000000000000000000e+00 -1.691090762615203857e-01 -1.298875828940893040e-13
1.200000000000000000e+01 -1.501669585704803467e-01 -1.153387010465606322e-13
1.600000000000000000e+01 0.000000000000000000e+00 0.000000000000000000e+00
2.000000000000000000e+01 -1.485270112752914429e-01 -1.140791156201484413e-13
2.400000000000000000e+01 8.776278495788574219e-01 6.740794988163711920e-13
2.800000000000000000e+01 -1.491209417581558228e-01 -1.145352936842217173e-13
3.200000000000000000e+01 0.000000000000000000e+00 0.000000000000000000e+00
3.600000000000000000e+01 0.000000000000000000e+00 0.000000000000000000e+00
4.000000000000000000e+01 0.000000000000000000e+00 0.000000000000000000e+00
4.400000000000000000e+01 6.640216708183288574e-01 5.100149903097817017e-13
4.800000000000000000e+01 0.000000000000000000e+00 0.000000000000000000e+00
5.200000000000000000e+01 -3.183047771453857422e-01 -2.444802986358712849e-13
5.600000000000000000e+01 6.494196057319641113e-01 4.987996235668312739e-13
6.000000000000000000e+01 0.000000000000000000e+00 0.000000000000000000e+00
6.400000000000000000e+01 -2.978560924530029297e-01 -2.287742749147031462e-13
6.800000000000000000e+01 0.000000000000000000e+00 0.000000000000000000e+00
7.200000000000000000e+01 0.000000000000000000e+00 0.000000000000000000e+00
7.600000000000000000e+01 -1.494879871606826782e-01 -1.148172133541222606e-13
8.000000000000000000e+01 0.000000000000000000e+00 0.000000000000000000e+00
8.400000000000000000e+01 0.000000000000000000e+00 0.000000000000000000e+00
8.800000000000000000e+01 7.352669239044189453e-01 5.647363544684924630e-13
9.200000000000000000e+01 8.764057159423828125e-01 6.731407965754332423e-13
9.600000000000000000e+01 0.000000000000000000e+00 0.000000000000000000e+00
1.000000000000000000e+02 0.000000000000000000e+00 0.000000000000000000e+00
1.040000000000000000e+02 -4.250832200050354004e-01 -3.264936064562018458e-13
1.080000000000000000e+02 -2.990986108779907227e-01 -2.297286167719791994e-13
1.120000000000000000e+02 0.000000000000000000e+00 0.000000000000000000e+00
1.160000000000000000e+02 0.000000000000000000e+00 0.000000000000000000e+00
1.200000000000000000e+02 1.538105010986328125e+00 1.181372057471041792e-12
1.240000000000000000e+02 0.000000000000000000e+00 0.000000000000000000e+00
1.280000000000000000e+02 0.000000000000000000e+00 0.000000000000000000e+00
1.320000000000000000e+02 -1.495405733585357666e-01 -1.148575998850473456e-13
1.360000000000000000e+02 1.395821332931518555e+00 1.072088273192106644e-12
1.400000000000000000e+02 -2.952930629253387451e-01 -2.268056890301212158e-13
1.440000000000000000e+02 0.000000000000000000e+00 0.000000000000000000e+00
1.480000000000000000e+02 7.228413820266723633e-01 5.551926648451888102e-13
1.520000000000000000e+02 8.709729313850402832e-01 6.689680276741882814e-13
1.560000000000000000e+02 9.034103155136108398e-01 6.938821804462758092e-13
1.600000000000000000e+02 1.537771224975585938e+00 1.181115643657248970e-12
1.640000000000000000e+02 0.000000000000000000e+00 0.000000000000000000e+00
1.680000000000000000e+02 0.000000000000000000e+00 0.000000000000000000e+00
1.720000000000000000e+02 8.743960261344909668e-01 6.715972179424656296e-13
1.760000000000000000e+02 6.511769294738769531e-01 5.001493468513584784e-13
1.800000000000000000e+02 5.016093254089355469e-01 3.852709980472351914e-13
1.840000000000000000e+02 6.642974019050598145e-01 5.102267892041767450e-13
1.880000000000000000e+02 -1.483435630798339844e-01 -1.139382235478339500e-13
1.920000000000000000e+02 0.000000000000000000e+00 0.000000000000000000e+00
1.960000000000000000e+02 8.773410916328430176e-01 6.738592431450307618e-13
2.000000000000000000e+02 -1.698646992444992065e-01 -1.304679427644936385e-13
2.040000000000000000e+02 4.056071281433105469e+00 3.115345871898544949e-12
2.080000000000000000e+02 2.242936849594116211e+00 1.722732091528900167e-12
2.120000000000000000e+02 1.364331960678100586e+00 1.047902216388951757e-12
2.160000000000000000e+02 6.517709493637084961e-01 5.006055791255403786e-13
2.200000000000000000e+02 0.000000000000000000e+00 0.000000000000000000e+00
2.240000000000000000e+02 1.553792476654052734e+00 1.193421121474524949e-12
2.280000000000000000e+02 5.115906596183776855e-01 3.929373645038258811e-13
2.320000000000000000e+02 1.538010954856872559e+00 1.181299849606354258e-12
2.360000000000000000e+02 1.166147470474243164e+00 8.956827250369836513e-13
2.400000000000000000e+02 0.000000000000000000e+00 0.000000000000000000e+00
2.440000000000000000e+02 3.474339008331298828e+00 2.668534880914674723e-12
2.480000000000000000e+02 1.833310723304748535e+00 1.408110607281631843e-12
2.520000000000000000e+02 6.652142405509948730e-01 5.109309785152060801e-13
2.560000000000000000e+02 1.303951382637023926e+00 1.001525685301318802e-12
2.600000000000000000e+02 2.570034980773925781e+00 1.973966346283106965e-12
2.640000000000000000e+02 2.689342975616455078e+00 2.065603113901581800e-12
2.680000000000000000e+02 3.076701164245605469e+00 2.363121200457674043e-12
2.720000000000000000e+02 6.646699905395507812e-01 5.105129643676042939e-13
2.760000000000000000e+02 3.070009708404541016e+00 2.357981865319658255e-12
2.800000000000000000e+02 1.163713097572326660e+00 8.938129099703151503e-13
2.840000000000000000e+02 -1.479565501213073730e-01 -1.136409691934563149e-13
2.880000000000000000e+02 2.627540588378906250e+00 2.018134574385821445e-12
2.920000000000000000e+02 3.716724395751953125e+00 2.854703886473464181e-12
2.960000000000000000e+02 2.756381511688232422e+00 2.117093609796394382e-12
3.000000000000000000e+02 2.202478170394897461e+00 1.691657122541989633e-12
3.040000000000000000e+02 0.000000000000000000e+00 0.000000000000000000e+00
3.080000000000000000e+02 2.187625885009765625e+00 1.680249472543748901e-12
3.120000000000000000e+02 2.918043375015258789e+00 2.241261213078993286e-12
3.160000000000000000e+02 3.139522552490234375e+00 2.411372750782403429e-12
3.200000000000000000e+02 3.492494583129882812e+00 2.682479672416748784e-12
3.240000000000000000e+02 2.484120845794677734e+00 1.907978332618687212e-12
3.280000000000000000e+02 2.696823120117187500e+00 2.071348518054016985e-12
3.320000000000000000e+02 2.038143396377563477e+00 1.565436474025572178e-12
3.360000000000000000e+02 2.191273689270019531e+00 1.683051159377668693e-12
3.400000000000000000e+02 2.173587799072265625e+00 1.669467190358597808e-12
3.440000000000000000e+02 8.786056041717529297e-01 6.748304714511432767e-13
3.480000000000000000e+02 2.862755060195922852e+00 2.198795832908384540e-12
3.520000000000000000e+02 3.705385208129882812e+00 2.845994707262322621e-12
3.560000000000000000e+02 2.411547660827636719e+00 1.852236896845993464e-12
3.600000000000000000e+02 1.539131879806518555e+00 1.182160814551524997e-12
3.640000000000000000e+02 3.667460381984710693e-01 2.816865664334589070e-13
3.680000000000000000e+02 2.508764505386352539e+00 1.926906334145939148e-12
3.720000000000000000e+02 8.713914155960083008e-01 6.692894394082216092e-13
3.760000000000000000e+02 1.517228364944458008e+00 1.165337357861284673e-12
3.800000000000000000e+02 4.389878749847412109e+00 3.371733447998792599e-12
3.840000000000000000e+02 2.028107404708862305e+00 1.557728013419634738e-12
3.880000000000000000e+02 3.129383563995361328e+00 2.403584926577440051e-12
3.920000000000000000e+02 2.421411991119384766e+00 1.859813518467756666e-12
3.960000000000000000e+02 8.724953532218933105e-01 6.701373939273225222e-13
4.000000000000000000e+02 5.199440002441406250e+00 3.993532934898347264e-12
4.040000000000000000e+02 1.813104510307312012e+00 1.392590903703805338e-12
4.080000000000000000e+02 1.739557504653930664e+00 1.336101693692748338e-12
4.120000000000000000e+02 5.011148452758789062e-01 3.848911749211592070e-13
4.160000000000000000e+02 4.159945487976074219e+00 3.195128623484366770e-12
4.200000000000000000e+02 4.149788379669189453e+00 3.187327355172464571e-12
4.240000000000000000e+02 4.236706733703613281e+00 3.254086670262390513e-12
4.280000000000000000e+02 7.294841408729553223e-01 5.602947576385797213e-13
4.320000000000000000e+02 7.265895605087280273e-01 5.580715468737895701e-13
4.360000000000000000e+02 6.517316699028015137e-01 5.005754383051452816e-13
4.400000000000000000e+02 1.529779672622680664e+00 1.174977541477939535e-12
4.440000000000000000e+02 3.239712953567504883e+00 2.488325734698038083e-12
4.480000000000000000e+02 1.526365756988525391e+00 1.172355398523783343e-12
4.520000000000000000e+02 1.168428421020507812e+00 8.974346331173943536e-13
4.560000000000000000e+02 2.233787298202514648e+00 1.715704618307500873e-12
4.600000000000000000e+02 3.716670274734497070e+00 2.854662253110040737e-12
4.640000000000000000e+02 4.166333675384521484e+00 3.200035071995732672e-12
4.680000000000000000e+02 2.376770257949829102e+00 1.825525407922468091e-12
4.720000000000000000e+02 1.753232717514038086e+00 1.346605119079136159e-12
4.760000000000000000e+02 0.000000000000000000e+00 0.000000000000000000e+00
4.800000000000000000e+02 7.591033577919006348e-01 5.830444091935171880e-13
4.840000000000000000e+02 1.523526668548583984e+00 1.170174851114480497e-12
4.880000000000000000e+02 8.750163316726684570e-01 6.720736705871643846e-13
4.920000000000000000e+02 2.906126976013183594e+00 2.232108378338870658e-12
4.960000000000000000e+02 0.000000000000000000e+00 0.000000000000000000e+00
5.000000000000000000e+02 7.215742468833923340e-01 5.542193765549485729e-13
5.040000000000000000e+02 -1.473067700862884521e-01 -1.131418838284069250e-13
5.080000000000000000e+02 4.933467864990234375e+00 3.789247995239497513e-12
5.120000000000000000e+02 1.591645002365112305e+00 1.222494436410592744e-12
5.160000000000000000e+02 5.480044364929199219e+00 4.209056714277181754e-12
5.200000000000000000e+02 6.645908951759338379e-01 5.104521948358364813e-13
5.240000000000000000e+02 2.185752868652343750e+00 1.678810844681077885e-12
5.280000000000000000e+02 2.388992786407470703e+00 1.834913297693585577e-12
5.320000000000000000e+02 1.540986895561218262e+00 1.183585456206170949e-12
5.360000000000000000e+02 0.000000000000000000e+00 0.000000000000000000e+00
5.400000000000000000e+02 8.872301578521728516e-01 6.814546756744865874e-13
5.440000000000000000e+02 1.373059988021850586e+00 1.054605946841646880e-12
5.480000000000000000e+02 8.768623471260070801e-01 6.734915359782323030e-13
5.520000000000000000e+02 3.143636226654052734e+00 2.414532115913026189e-12
5.560000000000000000e+02 2.476459026336669922e+00 1.902093500066870391e-12
5.600000000000000000e+02 0.000000000000000000e+00 0.000000000000000000e+00
5.640000000000000000e+02 7.249379754066467285e-01 5.568030303319815300e-13
5.680000000000000000e+02 4.919342398643493652e-01 3.778398492519652319e-13
5.720000000000000000e+02 6.641280055046081543e-01 5.100966849434784844e-13
5.760000000000000000e+02 5.004144906997680664e-01 3.843532480132805240e-13
5.800000000000000000e+02 4.907279610633850098e-01 3.769133442854677440e-13
5.840000000000000000e+02 8.758478164672851562e-01 6.727122656667583467e-13
5.880000000000000000e+02 8.804201483726501465e-01 6.762241591337647684e-13
5.920000000000000000e+02 3.054244041442871094e+00 2.345872844936036650e-12
5.960000000000000000e+02 5.764451026916503906e-01 4.427501117468257696e-13
6.000000000000000000e+02 0.000000000000000000e+00 0.000000000000000000e+00
6.040000000000000000e+02 0.000000000000000000e+00 0.000000000000000000e+00
6.080000000000000000e+02 1.540860414505004883e+00 1.183488420111733497e-12
6.120000000000000000e+02 0.000000000000000000e+00 0.000000000000000000e+00
6.160000000000000000e+02 6.645314097404479980e-01 5.104064957142662173e-13
6.200000000000000000e+02 1.522027254104614258e+00 1.169023211566866394e-12
6.240000000000000000e+02 4.581991195678710938e+00 3.519289243705814307e-12
6.280000000000000000e+02 -1.695107370615005493e-01 -1.301960790697428982e-13
6.320000000000000000e+02 0.000000000000000000e+00 0.000000000000000000e+00
6.360000000000000000e+02 4.999506473541259766e-01 3.839970062844560994e-13
6.400000000000000000e+02 1.313028812408447266e+00 1.008497864211921335e-12
6.440000000000000000e+02 7.278674244880676270e-01 5.590530208904320730e-13
6.480000000000000000e+02 1.383256196975708008e+00 1.062437355973944175e-12
6.520000000000000000e+02 -1.491911858320236206e-01 -1.145892462948300272e-13
6.560000000000000000e+02 2.399996280670166016e+00 1.843364653628110084e-12
6.600000000000000000e+02 2.402484416961669922e+00 1.845275668377333034e-12
6.640000000000000000e+02 7.009164094924926758e-01 5.383527282819267068e-13
6.680000000000000000e+02 -1.693979352712631226e-01 -1.301094513161613064e-13
6.720000000000000000e+02 6.644340753555297852e-01 5.103317941845819661e-13
6.760000000000000000e+02 1.523942351341247559e+00 1.170494148654277478e-12
6.800000000000000000e+02 1.163202762603759766e+00 8.934209708849616405e-13
6.840000000000000000e+02 6.639255285263061523e-01 5.099411561418354388e-13
6.880000000000000000e+02 -5.734851360321044922e-01 -4.404766482113409154e-13
6.920000000000000000e+02 1.522866487503051758e+00 1.169667769758409026e-12
6.960000000000000000e+02 7.263431549072265625e-01 5.578822451744736011e-13
7.000000000000000000e+02 1.388854742050170898e+00 1.066737410210238934e-12
7.040000000000000000e+02 8.767225146293640137e-01 6.733841457530476138e-13
7.080000000000000000e+02 0.000000000000000000e+00 0.000000000000000000e+00
7.120000000000000000e+02 2.184843540191650391e+00 1.678112401641562723e-12
7.160000000000000000e+02 0.000000000000000000e+00 0.000000000000000000e+00
7.200000000000000000e+02 0.000000000000000000e+00 0.000000000000000000e+00
7.240000000000000000e+02 1.773786067962646484e+00 1.362391536391394098e-12
7.280000000000000000e+02 0.000000000000000000e+00 0.000000000000000000e+00
7.320000000000000000e+02 0.000000000000000000e+00 0.000000000000000000e+00
7.360000000000000000e+02 1.532378435134887695e+00 1.176973666097702598e-12
7.400000000000000000e+02 0.000000000000000000e+00 0.000000000000000000e+00
7.440000000000000000e+02 0.000000000000000000e+00 0.000000000000000000e+00
7.480000000000000000e+02 8.729882836341857910e-01 6.705159431158458361e-13
7.520000000000000000e+02 0.000000000000000000e+00 0.000000000000000000e+00
7.560000000000000000e+02 -2.982622385025024414e-01 -2.290862269847815380e-13
7.600000000000000000e+02 -1.489237546920776367e-01 -1.143838441932526484e-13
7.640000000000000000e+02 0.000000000000000000e+00 0.000000000000000000e+00
7.680000000000000000e+02 1.612888097763061523e+00 1.238810703324544349e-12
7.720000000000000000e+02 0.000000000000000000e+00 0.000000000000000000e+00
7.760000000000000000e+02 0.000000000000000000e+00 0.000000000000000000e+00
7.800000000000000000e+02 0.000000000000000000e+00 0.000000000000000000e+00
7.840000000000000000e+02 0.000000000000000000e+00 0.000000000000000000e+00
7.880000000000000000e+02 3.670914411544799805e+00 2.819518707050661099e-12
7.920000000000000000e+02 6.650790572166442871e-01 5.108271661571905931e-13
7.960000000000000000e+02 8.773272037506103516e-01 6.738485637536317796e-13
8.000000000000000000e+02 -1.695281416177749634e-01 -1.302094554140459381e-13
8.040000000000000000e+02 0.000000000000000000e+00 0.000000000000000000e+00
8.080000000000000000e+02 8.897077441215515137e-01 6.833576673276331448e-13
8.120000000000000000e+02 0.000000000000000000e+00 0.000000000000000000e+00
8.160000000000000000e+02 6.497336626052856445e-01 4.990408043401006744e-13
8.200000000000000000e+02 -1.470018923282623291e-01 -1.129077164879407902e-13
8.240000000000000000e+02 0.000000000000000000e+00 0.000000000000000000e+00
8.280000000000000000e+02 -1.496583968400955200e-01 -1.149481036613955731e-13
8.320000000000000000e+02 -1.491416692733764648e-01 -1.145512179036300981e-13
8.360000000000000000e+02 -1.487692445516586304e-01 -1.142651647129469539e-13
8.400000000000000000e+02 -1.496213972568511963e-01 -1.149196840119492968e-13
8.440000000000000000e+02 0.000000000000000000e+00 0.000000000000000000e+00
8.480000000000000000e+02 6.628097295761108398e-01 5.090841485345942719e-13
8.520000000000000000e+02 -1.695218533277511597e-01 -1.302046171618512216e-13
8.560000000000000000e+02 0.000000000000000000e+00 0.000000000000000000e+00
8.600000000000000000e+02 8.761080503463745117e-01 6.729121925473646737e-13
8.640000000000000000e+02 0.000000000000000000e+00 0.000000000000000000e+00
8.680000000000000000e+02 0.000000000000000000e+00 0.000000000000000000e+00
8.720000000000000000e+02 7.258293032646179199e-01 5.574875955836888775e-13
8.760000000000000000e+02 0.000000000000000000e+00 0.000000000000000000e+00
8.800000000000000000e+02 0.000000000000000000e+00 0.000000000000000000e+00
8.840000000000000000e+02 0.000000000000000000e+00 0.000000000000000000e+00
8.880000000000000000e+02 0.000000000000000000e+00 0.000000000000000000e+00
8.920000000000000000e+02 0.000000000000000000e+00 0.000000000000000000e+00
8.960000000000000000e+02 0.000000000000000000e+00 0.000000000000000000e+00
9.000000000000000000e+02 0.000000000000000000e+00 0.000000000000000000e+00
9.040000000000000000e+02 -1.490351855754852295e-01 -1.144694284022432229e-13
9.080000000000000000e+02 7.260953783988952637e-01 5.576919676932023950e-13
9.120000000000000000e+02 -1.695938110351562500e-01 -1.302598979201208262e-13
9.160000000000000000e+02 0.000000000000000000e+00 0.000000000000000000e+00
9.200000000000000000e+02 0.000000000000000000e+00 0.000000000000000000e+00
9.240000000000000000e+02 0.000000000000000000e+00 0.000000000000000000e+00
9.280000000000000000e+02 -2.975738346576690674e-01 -2.285574886903146696e-13
9.320000000000000000e+02 0.000000000000000000e+00 0.000000000000000000e+00
9.360000000000000000e+02 6.500759124755859375e-01 4.993037233669284092e-13
9.400000000000000000e+02 -1.493056714534759521e-01 -1.146771750910186016e-13
9.440000000000000000e+02 0.000000000000000000e+00 0.000000000000000000e+00
9.480000000000000000e+02 0.000000000000000000e+00 0.000000000000000000e+00
9.520000000000000000e+02 -1.693477481603622437e-01 -1.300708943764022907e-13
9.560000000000000000e+02 0.000000000000000000e+00 0.000000000000000000e+00
9.600000000000000000e+02 0.000000000000000000e+00 0.000000000000000000e+00
9.640000000000000000e+02 0.000000000000000000e+00 0.000000000000000000e+00
9.680000000000000000e+02 -1.488329917192459106e-01 -1.143141299935618305e-13
9.720000000000000000e+02 0.000000000000000000e+00 0.000000000000000000e+00
9.760000000000000000e+02 0.000000000000000000e+00 0.000000000000000000e+00
9.800000000000000000e+02 -1.488516777753829956e-01 -1.143284821198201073e-13
9.840000000000000000e+02 0.000000000000000000e+00 0.000000000000000000e+00
9.880000000000000000e+02 0.000000000000000000e+00 0.000000000000000000e+00
9.920000000000000000e+02 0.000000000000000000e+00 0.000000000000000000e+00
9.960000000000000000e+02 -1.484104245901107788e-01 -1.139895740732282947e-13
1.000000000000000000e+03 7.293812036514282227e-01 5.602156650900969037e-13
1.004000000000000000e+03 -4.264841675758361816e-01 -3.275696229022850847e-13
1.008000000000000000e+03 -1.500046998262405396e-01 -1.152140855593605795e-13
1.012000000000000000e+03 3.625006079673767090e-01 2.784258012946544403e-13
1.016000000000000000e+03 -2.987789213657379150e-01 -2.294830720849655448e-13
1.020000000000000000e+03 0.000000000000000000e+00 0.000000000000000000e+00
1.024000000000000000e+03 0.000000000000000000e+00 0.000000000000000000e+00
1.028000000000000000e+03 0.000000000000000000e+00 0.000000000000000000e+00
1.032000000000000000e+03 -1.488055735826492310e-01 -1.142930693663612995e-13
1.036000000000000000e+03 0.000000000000000000e+00 0.000000000000000000e+00
1.040000000000000000e+03 5.157205462455749512e-01 3.961093876948124093e-13
1.044000000000000000e+03 -1.484077423810958862e-01 -1.139875140891005723e-13
1.048000000000000000e+03 0.000000000000000000e+00 0.000000000000000000e+00
1.052000000000000000e+03 0.000000000000000000e+00 0.000000000000000000e+00
1.056000000000000000e+03 0.000000000000000000e+00 0.000000000000000000e+00
1.060000000000000000e+03 0.000000000000000000e+00 0.000000000000000000e+00
1.064000000000000000e+03 8.696855902671813965e-01 6.679792352928815014e-13
1.068000000000000000e+03 0.000000000000000000e+00 0.000000000000000000e+00
1.072000000000000000e+03 0.000000000000000000e+00 0.000000000000000000e+00
1.076000000000000000e+03 6.649309992790222168e-01 5.107134333492968636e-13
1.080000000000000000e+03 0.000000000000000000e+00 0.000000000000000000e+00
1.084000000000000000e+03 7.271980643272399902e-01 5.585388922202394468e-13
1.088000000000000000e+03 -2.956576049327850342e-01 -2.270856842411655974e-13
1.092000000000000000e+03 -1.494704931974411011e-01 -1.148037692471834403e-13
1.096000000000000000e+03 6.504752039909362793e-01 4.996103899514159341e-13
1.100000000000000000e+03 6.517734527587890625e-01 5.006075306894508525e-13
1.104000000000000000e+03 0.000000000000000000e+00 0.000000000000000000e+00
1.108000000000000000e+03 0.000000000000000000e+00 0.000000000000000000e+00
1.112000000000000000e+03 0.000000000000000000e+00 0.000000000000000000e+00
1.116000000000000000e+03 -1.501311957836151123e-01 -1.153112436265424368e-13
1.120000000000000000e+03 0.000000000000000000e+00 0.000000000000000000e+00
1.124000000000000000e+03 -1.690569967031478882e-01 -1.298475758339245889e-13
1.128000000000000000e+03 0.000000000000000000e+00 0.000000000000000000e+00
1.132000000000000000e+03 0.000000000000000000e+00 0.000000000000000000e+00
1.136000000000000000e+03 0.000000000000000000e+00 0.000000000000000000e+00
1.140000000000000000e+03 0.000000000000000000e+00 0.000000000000000000e+00
1.144000000000000000e+03 0.000000000000000000e+00 0.000000000000000000e+00
1.148000000000000000e+03 0.000000000000000000e+00 0.000000000000000000e+00
1.152000000000000000e+03 -1.481811255216598511e-01 -1.138134454303080245e-13
1.156000000000000000e+03 -1.474339067935943604e-01 -1.132395297865664008e-13
1.160000000000000000e+03 0.000000000000000000e+00 0.000000000000000000e+00
1.164000000000000000e+03 -1.693586260080337524e-01 -1.300792562856575851e-13
1.168000000000000000e+03 0.000000000000000000e+00 0.000000000000000000e+00
1.172000000000000000e+03 0.000000000000000000e+00 0.000000000000000000e+00
1.176000000000000000e+03 0.000000000000000000e+00 0.000000000000000000e+00
1.180000000000000000e+03 -1.498086154460906982e-01 -1.150634763250751869e-13
1.184000000000000000e+03 0.000000000000000000e+00 0.000000000000000000e+00
1.188000000000000000e+03 6.643220782279968262e-01 5.102457627421952413e-13
1.192000000000000000e+03 0.000000000000000000e+00 0.000000000000000000e+00
1.196000000000000000e+03 0.000000000000000000e+00 0.000000000000000000e+00
1.200000000000000000e+03 0.000000000000000000e+00 0.000000000000000000e+00
1.204000000000000000e+03 0.000000000000000000e+00 0.000000000000000000e+00
1.208000000000000000e+03 0.000000000000000000e+00 0.000000000000000000e+00
1.212000000000000000e+03 -1.700014472007751465e-01 -1.305729884024803278e-13
1.216000000000000000e+03 0.000000000000000000e+00 0.000000000000000000e+00
1.220000000000000000e+03 0.000000000000000000e+00 0.000000000000000000e+00
1.224000000000000000e+03 0.000000000000000000e+00 0.000000000000000000e+00
1.228000000000000000e+03 0.000000000000000000e+00 0.000000000000000000e+00
1.232000000000000000e+03 7.239879369735717773e-01 5.560733080597901612e-13
1.236000000000000000e+03 8.775078654289245605e-01 6.739872874216012999e-13
1.240000000000000000e+03 0.000000000000000000e+00 0.000000000000000000e+00
1.244000000000000000e+03 0.000000000000000000e+00 0.000000000000000000e+00
1.248000000000000000e+03 8.854393959045410156e-01 6.800792567984714765e-13
1.252000000000000000e+03 0.000000000000000000e+00 0.000000000000000000e+00
1.256000000000000000e+03 0.000000000000000000e+00 0.000000000000000000e+00
1.260000000000000000e+03 0.000000000000000000e+00 0.000000000000000000e+00
1.264000000000000000e+03 0.000000000000000000e+00 0.000000000000000000e+00
1.268000000000000000e+03 0.000000000000000000e+00 0.000000000000000000e+00
1.272000000000000000e+03 0.000000000000000000e+00 0.000000000000000000e+00
1.276000000000000000e+03 0.000000000000000000e+00 0.000000000000000000e+00
1.280000000000000000e+03 0.000000000000000000e+00 0.000000000000000000e+00
1.284000000000000000e+03 6.640654206275939941e-01 5.100486005771287523e-13
1.288000000000000000e+03 -1.483900994062423706e-01 -1.139739615619445035e-13
1.292000000000000000e+03 0.000000000000000000e+00 0.000000000000000000e+00
1.296000000000000000e+03 0.000000000000000000e+00 0.000000000000000000e+00
1.300000000000000000e+03 -1.494941711425781250e-01 -1.148219702911540407e-13
1.304000000000000000e+03 0.000000000000000000e+00 0.000000000000000000e+00
1.308000000000000000e+03 0.000000000000000000e+00 0.000000000000000000e+00
1.312000000000000000e+03 0.000000000000000000e+00 0.000000000000000000e+00
1.316000000000000000e+03 0.000000000000000000e+00 0.000000000000000000e+00
1.320000000000000000e+03 0.000000000000000000e+00 0.000000000000000000e+00
1.324000000000000000e+03 0.000000000000000000e+00 0.000000000000000000e+00
1.328000000000000000e+03 5.004241466522216797e-01 3.843606747981620497e-13
1.332000000000000000e+03 0.000000000000000000e+00 0.000000000000000000e+00
1.336000000000000000e+03 0.000000000000000000e+00 0.000000000000000000e+00
1.340000000000000000e+03 0.000000000000000000e+00 0.000000000000000000e+00
1.344000000000000000e+03 0.000000000000000000e+00 0.000000000000000000e+00
1.348000000000000000e+03 0.000000000000000000e+00 0.000000000000000000e+00
1.352000000000000000e+03 0.000000000000000000e+00 0.000000000000000000e+00
1.356000000000000000e+03 0.000000000000000000e+00 0.000000000000000000e+00
1.360000000000000000e+03 0.000000000000000000e+00 0.000000000000000000e+00
1.364000000000000000e+03 0.000000000000000000e+00 0.000000000000000000e+00
1.368000000000000000e+03 0.000000000000000000e+00 0.000000000000000000e+00
1.372000000000000000e+03 6.633046269416809082e-01 5.094642698162676897e-13
1.376000000000000000e+03 9.552862048149108887e-01 7.337265018649008486e-13
1.380000000000000000e+03 0.000000000000000000e+00 0.000000000000000000e+00
1.384000000000000000e+03 0.000000000000000000e+00 0.000000000000000000e+00
1.388000000000000000e+03 0.000000000000000000e+00 0.000000000000000000e+00
1.392000000000000000e+03 -1.496084034442901611e-01 -1.149097093519624302e-13
1.396000000000000000e+03 -1.482798159122467041e-01 -1.138892582672190734e-13
1.400000000000000000e+03 0.000000000000000000e+00 0.000000000000000000e+00
1.404000000000000000e+03 0.000000000000000000e+00 0.000000000000000000e+00
1.408000000000000000e+03 0.000000000000000000e+00 0.000000000000000000e+00
1.412000000000000000e+03 -1.489627361297607422e-01 -1.144137817257404044e-13
1.416000000000000000e+03 -1.476650387048721313e-01 -1.134170611160473241e-13
1.420000000000000000e+03 0.000000000000000000e+00 0.000000000000000000e+00
1.424000000000000000e+03 0.000000000000000000e+00 0.000000000000000000e+00
1.428000000000000000e+03 0.000000000000000000e+00 0.000000000000000000e+00
1.432000000000000000e+03 -1.634218841791152954e-01 -1.255194272088352991e-13
1.436000000000000000e+03 0.000000000000000000e+00 0.000000000000000000e+00
1.440000000000000000e+03 0.000000000000000000e+00 0.000000000000000000e+00
1.444000000000000000e+03 -1.688800752162933350e-01 -1.297116981966578431e-13
1.448000000000000000e+03 0.000000000000000000e+00 0.000000000000000000e+00
