2.000000000000000000e+00 -1.796932332217693329e-02 -3.348446601372442877e-14
6.000000000000000000e+00 0.000000000000000000e+00 0.000000000000000000e+00
1.000000000000000000e+01 0.000000000000000000e+00 0.000000000000000000e+00
1.400000000000000000e+01 0.000000000000000000e+00 0.000000000000000000e+00
1.800000000000000000e+01 -1.777769252657890320e-02 -3.312737725195274985e-14
2.200000000000000000e+01 0.000000000000000000e+00 0.000000000000000000e+00
2.600000000000000000e+01 0.000000000000000000e+00 0.000000000000000000e+00
3.000000000000000000e+01 0.000000000000000000e+00 0.000000000000000000e+00
3.400000000000000000e+01 0.000000000000000000e+00 0.000000000000000000e+00
3.800000000000000000e+01 0.000000000000000000e+00 0.000000000000000000e+00
4.200000000000000000e+01 0.000000000000000000e+00 0.000000000000000000e+00
4.600000000000000000e+01 0.000000000000000000e+00 0.000000000000000000e+00
5.000000000000000000e+01 0.000000000000000000e+00 0.000000000000000000e+00
5.400000000000000000e+01 0.000000000000000000e+00 0.000000000000000000e+00
5.800000000000000000e+01 0.000000000000000000e+00 0.000000000000000000e+00
6.200000000000000000e+01 -4.291355982422828674e-02 -7.996615793582489973e-14
6.600000000000000000e+01 -1.773043908178806305e-02 -3.303932648301977082e-14
7.000000000000000000e+01 0.000000000000000000e+00 0.000000000000000000e+00
7.400000000000000000e+01 0.000000000000000000e+00 0.000000000000000000e+00
7.800000000000000000e+01 -3.565862029790878296e-02 -6.644713262688589639e-14
8.200000000000000000e+01 -1.791480928659439087e-02 -3.338288304642611504e-14
8.600000000000000000e+01 0.000000000000000000e+00 0.000000000000000000e+00
9.000000000000000000e+01 0.000000000000000000e+00 0.000000000000000000e+00
9.400000000000000000e+01 0.000000000000000000e+00 0.000000000000000000e+00
9.800000000000000000e+01 0.000000000000000000e+00 0.000000000000000000e+00
1.020000000000000000e+02 0.000000000000000000e+00 0.000000000000000000e+00
1.060000000000000000e+02 0.000000000000000000e+00 0.000000000000000000e+00
1.100000000000000000e+02 0.000000000000000000e+00 0.000000000000000000e+00
1.140000000000000000e+02 0.000000000000000000e+00 0.000000000000000000e+00
1.180000000000000000e+02 -1.783307641744613647e-02 -3.323058313437800282e-14
1.220000000000000000e+02 0.000000000000000000e+00 0.000000000000000000e+00
1.260000000000000000e+02 0.000000000000000000e+00 0.000000000000000000e+00
1.300000000000000000e+02 0.000000000000000000e+00 0.000000000000000000e+00
1.340000000000000000e+02 -1.775939948856830597e-02 -3.309328925802344779e-14
1.380000000000000000e+02 0.000000000000000000e+00 0.000000000000000000e+00
1.420000000000000000e+02 0.000000000000000000e+00 0.000000000000000000e+00
1.460000000000000000e+02 0.000000000000000000e+00 0.000000000000000000e+00
1.500000000000000000e+02 0.000000000000000000e+00 0.000000000000000000e+00
1.540000000000000000e+02 0.000000000000000000e+00 0.000000000000000000e+00
1.580000000000000000e+02 0.000000000000000000e+00 0.000000000000000000e+00
1.620000000000000000e+02 0.000000000000000000e+00 0.000000000000000000e+00
1.660000000000000000e+02 0.000000000000000000e+00 0.000000000000000000e+00
1.700000000000000000e+02 0.000000000000000000e+00 0.000000000000000000e+00
1.740000000000000000e+02 0.000000000000000000e+00 0.000000000000000000e+00
1.780000000000000000e+02 -1.262118667364120483e-02 -2.351862194577281073e-14
1.820000000000000000e+02 0.000000000000000000e+00 0.000000000000000000e+00
1.860000000000000000e+02 0.000000000000000000e+00 0.000000000000000000e+00
1.900000000000000000e+02 0.000000000000000000e+00 0.000000000000000000e+00
1.940000000000000000e+02 -1.778711006045341492e-02 -3.314492777461985895e-14
1.980000000000000000e+02 -1.263460889458656311e-02 -2.354363313463933571e-14
2.020000000000000000e+02 0.000000000000000000e+00 0.000000000000000000e+00
2.060000000000000000e+02 0.000000000000000000e+00 0.000000000000000000e+00
2.100000000000000000e+02 0.000000000000000000e+00 0.000000000000000000e+00
2.140000000000000000e+02 -1.777393743395805359e-02 -3.312038075980842933e-14
2.180000000000000000e+02 0.000000000000000000e+00 0.000000000000000000e+00
2.220000000000000000e+02 -1.793980970978736877e-02 -3.342946985852510156e-14
2.260000000000000000e+02 5.481472015380859375e-01 1.021430661406197427e-12
2.300000000000000000e+02 -1.786439120769500732e-02 -3.328893354004845706e-14
2.340000000000000000e+02 0.000000000000000000e+00 0.000000000000000000e+00
2.380000000000000000e+02 0.000000000000000000e+00 0.000000000000000000e+00
2.420000000000000000e+02 0.000000000000000000e+00 0.000000000000000000e+00
2.460000000000000000e+02 0.000000000000000000e+00 0.000000000000000000e+00
2.500000000000000000e+02 0.000000000000000000e+00 0.000000000000000000e+00
2.540000000000000000e+02 0.000000000000000000e+00 0.000000000000000000e+00
2.580000000000000000e+02 0.000000000000000000e+00 0.000000000000000000e+00
2.620000000000000000e+02 0.000000000000000000e+00 0.000000000000000000e+00
2.660000000000000000e+02 0.000000000000000000e+00 0.000000000000000000e+00
2.700000000000000000e+02 0.000000000000000000e+00 0.000000000000000000e+00
2.740000000000000000e+02 0.000000000000000000e+00 0.000000000000000000e+00
2.780000000000000000e+02 0.000000000000000000e+00 0.000000000000000000e+00
2.820000000000000000e+02 0.000000000000000000e+00 0.000000000000000000e+00
2.860000000000000000e+02 0.000000000000000000e+00 0.000000000000000000e+00
2.900000000000000000e+02 0.000000000000000000e+00 0.000000000000000000e+00
2.940000000000000000e+02 0.000000000000000000e+00 0.000000000000000000e+00
2.980000000000000000e+02 0.000000000000000000e+00 0.000000000000000000e+00
3.020000000000000000e+02 -1.263656932860612869e-02 -2.354728723477379077e-14
3.060000000000000000e+02 0.000000000000000000e+00 0.000000000000000000e+00
3.100000000000000000e+02 0.000000000000000000e+00 0.000000000000000000e+00
3.140000000000000000e+02 0.000000000000000000e+00 0.000000000000000000e+00
3.180000000000000000e+02 0.000000000000000000e+00 0.000000000000000000e+00
3.220000000000000000e+02 0.000000000000000000e+00 0.000000000000000000e+00
3.260000000000000000e+02 -1.760942675173282623e-02 -3.281382598366994197e-14
3.300000000000000000e+02 0.000000000000000000e+00 0.000000000000000000e+00
3.340000000000000000e+02 0.000000000000000000e+00 0.000000000000000000e+00
3.380000000000000000e+02 -3.593840077519416809e-02 -6.696847801778912923e-14
3.420000000000000000e+02 0.000000000000000000e+00 0.000000000000000000e+00
3.460000000000000000e+02 0.000000000000000000e+00 0.000000000000000000e+00
3.500000000000000000e+02 0.000000000000000000e+00 0.000000000000000000e+00
3.540000000000000000e+02 0.000000000000000000e+00 0.000000000000000000e+00
3.580000000000000000e+02 0.000000000000000000e+00 0.000000000000000000e+00
3.620000000000000000e+02 0.000000000000000000e+00 0.000000000000000000e+00
3.660000000000000000e+02 0.000000000000000000e+00 0.000000000000000000e+00
3.700000000000000000e+02 -1.262634620070457458e-02 -2.352823746379004155e-14
3.740000000000000000e+02 0.000000000000000000e+00 0.000000000000000000e+00
3.780000000000000000e+02 0.000000000000000000e+00 0.000000000000000000e+00
3.820000000000000000e+02 0.000000000000000000e+00 0.000000000000000000e+00
3.860000000000000000e+02 0.000000000000000000e+00 0.000000000000000000e+00
3.900000000000000000e+02 0.000000000000000000e+00 0.000000000000000000e+00
3.940000000000000000e+02 0.000000000000000000e+00 0.000000000000000000e+00
3.980000000000000000e+02 0.000000000000000000e+00 0.000000000000000000e+00
4.020000000000000000e+02 0.000000000000000000e+00 0.000000000000000000e+00
4.060000000000000000e+02 -1.263576652854681015e-02 -2.354578968052304516e-14
4.100000000000000000e+02 0.000000000000000000e+00 0.000000000000000000e+00
4.140000000000000000e+02 0.000000000000000000e+00 0.000000000000000000e+00
4.180000000000000000e+02 0.000000000000000000e+00 0.000000000000000000e+00
4.220000000000000000e+02 0.000000000000000000e+00 0.000000000000000000e+00
4.260000000000000000e+02 0.000000000000000000e+00 0.000000000000000000e+00
4.300000000000000000e+02 -1.259676367044448853e-02 -2.347311255958273168e-14
4.340000000000000000e+02 0.000000000000000000e+00 0.000000000000000000e+00
4.380000000000000000e+02 0.000000000000000000e+00 0.000000000000000000e+00
4.420000000000000000e+02 -3.046664968132972717e-02 -5.677228842202938774e-14
4.460000000000000000e+02 -1.778393797576427460e-02 -3.313901887277981295e-14
4.500000000000000000e+02 0.000000000000000000e+00 0.000000000000000000e+00
4.540000000000000000e+02 0.000000000000000000e+00 0.000000000000000000e+00
4.580000000000000000e+02 -1.260433718562126160e-02 -2.348722412848398833e-14
4.620000000000000000e+02 0.000000000000000000e+00 0.000000000000000000e+00
4.660000000000000000e+02 -1.263312436640262604e-02 -2.354086672503360317e-14
4.700000000000000000e+02 0.000000000000000000e+00 0.000000000000000000e+00
4.740000000000000000e+02 -1.775121130049228668e-02 -3.307803250057750333e-14
4.780000000000000000e+02 0.000000000000000000e+00 0.000000000000000000e+00
4.820000000000000000e+02 -1.790504530072212219e-02 -3.336469216685088168e-14
4.860000000000000000e+02 -1.770379394292831421e-02 -3.298967341165172373e-14
4.900000000000000000e+02 0.000000000000000000e+00 0.000000000000000000e+00
4.940000000000000000e+02 0.000000000000000000e+00 0.000000000000000000e+00
4.980000000000000000e+02 0.000000000000000000e+00 0.000000000000000000e+00
5.020000000000000000e+02 0.000000000000000000e+00 0.000000000000000000e+00
5.060000000000000000e+02 0.000000000000000000e+00 0.000000000000000000e+00
5.100000000000000000e+02 -1.782687380909919739e-02 -3.321902282871387613e-14
5.140000000000000000e+02 0.000000000000000000e+00 0.000000000000000000e+00
5.180000000000000000e+02 0.000000000000000000e+00 0.000000000000000000e+00
5.220000000000000000e+02 0.000000000000000000e+00 0.000000000000000000e+00
5.260000000000000000e+02 0.000000000000000000e+00 0.000000000000000000e+00
5.300000000000000000e+02 0.000000000000000000e+00 0.000000000000000000e+00
5.340000000000000000e+02 0.000000000000000000e+00 0.000000000000000000e+00
5.380000000000000000e+02 -1.762187294661998749e-02 -3.283702113389755373e-14
5.420000000000000000e+02 0.000000000000000000e+00 0.000000000000000000e+00
5.460000000000000000e+02 0.000000000000000000e+00 0.000000000000000000e+00
5.500000000000000000e+02 -1.772327348589897156e-02 -3.302597046750746501e-14
5.540000000000000000e+02 0.000000000000000000e+00 0.000000000000000000e+00
5.580000000000000000e+02 0.000000000000000000e+00 0.000000000000000000e+00
5.620000000000000000e+02 0.000000000000000000e+00 0.000000000000000000e+00
5.660000000000000000e+02 0.000000000000000000e+00 0.000000000000000000e+00
5.700000000000000000e+02 0.000000000000000000e+00 0.000000000000000000e+00
5.740000000000000000e+02 0.000000000000000000e+00 0.000000000000000000e+00
5.780000000000000000e+02 0.000000000000000000e+00 0.000000000000000000e+00
5.820000000000000000e+02 0.000000000000000000e+00 0.000000000000000000e+00
5.860000000000000000e+02 0.000000000000000000e+00 0.000000000000000000e+00
5.900000000000000000e+02 -1.259426865726709366e-02 -2.346846234870230558e-14
5.940000000000000000e+02 0.000000000000000000e+00 0.000000000000000000e+00
5.980000000000000000e+02 0.000000000000000000e+00 0.000000000000000000e+00
6.020000000000000000e+02 -1.260635629296302795e-02 -2.349098664883569193e-14
6.060000000000000000e+02 0.000000000000000000e+00 0.000000000000000000e+00
6.100000000000000000e+02 0.000000000000000000e+00 0.000000000000000000e+00
6.140000000000000000e+02 0.000000000000000000e+00 0.000000000000000000e+00
6.180000000000000000e+02 0.000000000000000000e+00 0.000000000000000000e+00
6.220000000000000000e+02 0.000000000000000000e+00 0.000000000000000000e+00
6.260000000000000000e+02 0.000000000000000000e+00 0.000000000000000000e+00
6.300000000000000000e+02 5.374437570571899414e-01 1.001485569820936838e-12
6.340000000000000000e+02 0.000000000000000000e+00 0.000000000000000000e+00
6.380000000000000000e+02 0.000000000000000000e+00 0.000000000000000000e+00
6.420000000000000000e+02 0.000000000000000000e+00 0.000000000000000000e+00
6.460000000000000000e+02 0.000000000000000000e+00 0.000000000000000000e+00
6.500000000000000000e+02 -1.264757663011550903e-02 -2.356779729055860639e-14
6.540000000000000000e+02 0.000000000000000000e+00 0.000000000000000000e+00
6.580000000000000000e+02 0.000000000000000000e+00 0.000000000000000000e+00
6.620000000000000000e+02 0.000000000000000000e+00 0.000000000000000000e+00
6.660000000000000000e+02 -3.557271137833595276e-02 -6.628704339985483363e-14
6.700000000000000000e+02 0.000000000000000000e+00 0.000000000000000000e+00
6.740000000000000000e+02 0.000000000000000000e+00 0.000000000000000000e+00
6.780000000000000000e+02 0.000000000000000000e+00 0.000000000000000000e+00
6.820000000000000000e+02 0.000000000000000000e+00 0.000000000000000000e+00
6.860000000000000000e+02 0.000000000000000000e+00 0.000000000000000000e+00
6.900000000000000000e+02 0.000000000000000000e+00 0.000000000000000000e+00
6.940000000000000000e+02 -1.783031225204467773e-02 -3.322543317405869667e-14
6.980000000000000000e+02 0.000000000000000000e+00 0.000000000000000000e+00
7.020000000000000000e+02 0.000000000000000000e+00 0.000000000000000000e+00
7.060000000000000000e+02 0.000000000000000000e+00 0.000000000000000000e+00
7.100000000000000000e+02 0.000000000000000000e+00 0.000000000000000000e+00
7.140000000000000000e+02 0.000000000000000000e+00 0.000000000000000000e+00
7.180000000000000000e+02 0.000000000000000000e+00 0.000000000000000000e+00
7.220000000000000000e+02 0.000000000000000000e+00 0.000000000000000000e+00
7.260000000000000000e+02 0.000000000000000000e+00 0.000000000000000000e+00
7.300000000000000000e+02 0.000000000000000000e+00 0.000000000000000000e+00
7.340000000000000000e+02 -1.776868849992752075e-02 -3.311060261146532568e-14
7.380000000000000000e+02 0.000000000000000000e+00 0.000000000000000000e+00
7.420000000000000000e+02 0.000000000000000000e+00 0.000000000000000000e+00
7.460000000000000000e+02 0.000000000000000000e+00 0.000000000000000000e+00
7.500000000000000000e+02 0.000000000000000000e+00 0.000000000000000000e+00
7.540000000000000000e+02 0.000000000000000000e+00 0.000000000000000000e+00
7.580000000000000000e+02 0.000000000000000000e+00 0.000000000000000000e+00
7.620000000000000000e+02 0.000000000000000000e+00 0.000000000000000000e+00
7.660000000000000000e+02 0.000000000000000000e+00 0.000000000000000000e+00
7.700000000000000000e+02 0.000000000000000000e+00 0.000000000000000000e+00
7.740000000000000000e+02 0.000000000000000000e+00 0.000000000000000000e+00
7.780000000000000000e+02 0.000000000000000000e+00 0.000000000000000000e+00
7.820000000000000000e+02 0.000000000000000000e+00 0.000000000000000000e+00
7.860000000000000000e+02 0.000000000000000000e+00 0.000000000000000000e+00
7.900000000000000000e+02 -1.264304108917713165e-02 -2.355934559581090298e-14
7.940000000000000000e+02 0.000000000000000000e+00 0.000000000000000000e+00
7.980000000000000000e+02 0.000000000000000000e+00 0.000000000000000000e+00
8.020000000000000000e+02 0.000000000000000000e+00 0.000000000000000000e+00
8.060000000000000000e+02 0.000000000000000000e+00 0.000000000000000000e+00
8.100000000000000000e+02 0.000000000000000000e+00 0.000000000000000000e+00
8.140000000000000000e+02 0.000000000000000000e+00 0.000000000000000000e+00
8.180000000000000000e+02 0.000000000000000000e+00 0.000000000000000000e+00
8.220000000000000000e+02 0.000000000000000000e+00 0.000000000000000000e+00
8.260000000000000000e+02 0.000000000000000000e+00 0.000000000000000000e+00
8.300000000000000000e+02 -1.263925991952419281e-02 -2.355229997575564171e-14
8.340000000000000000e+02 -1.779317483305931091e-02 -3.315623058226802033e-14
8.380000000000000000e+02 0.000000000000000000e+00 0.000000000000000000e+00
8.420000000000000000e+02 -1.767768338322639465e-02 -3.294101983916143672e-14
8.460000000000000000e+02 5.504727959632873535e-01 1.025764217489621988e-12
8.500000000000000000e+02 -1.765014976263046265e-02 -3.288971335948034924e-14
8.540000000000000000e+02 0.000000000000000000e+00 0.000000000000000000e+00
8.580000000000000000e+02 0.000000000000000000e+00 0.000000000000000000e+00
8.620000000000000000e+02 0.000000000000000000e+00 0.000000000000000000e+00
8.660000000000000000e+02 -1.786865107715129852e-02 -3.329687193283012436e-14
8.700000000000000000e+02 -1.780995540320873260e-02 -3.318749965054886009e-14
8.740000000000000000e+02 0.000000000000000000e+00 0.000000000000000000e+00
8.780000000000000000e+02 0.000000000000000000e+00 0.000000000000000000e+00
8.820000000000000000e+02 0.000000000000000000e+00 0.000000000000000000e+00
8.860000000000000000e+02 0.000000000000000000e+00 0.000000000000000000e+00
8.900000000000000000e+02 0.000000000000000000e+00 0.000000000000000000e+00
8.940000000000000000e+02 -1.260157581418752670e-02 -2.348207925036236571e-14
8.980000000000000000e+02 0.000000000000000000e+00 0.000000000000000000e+00
9.020000000000000000e+02 0.000000000000000000e+00 0.000000000000000000e+00
9.060000000000000000e+02 0.000000000000000000e+00 0.000000000000000000e+00
9.100000000000000000e+02 -1.780146360397338867e-02 -3.317167368696236074e-14
9.140000000000000000e+02 0.000000000000000000e+00 0.000000000000000000e+00
9.180000000000000000e+02 0.000000000000000000e+00 0.000000000000000000e+00
9.220000000000000000e+02 0.000000000000000000e+00 0.000000000000000000e+00
9.260000000000000000e+02 0.000000000000000000e+00 0.000000000000000000e+00
9.300000000000000000e+02 0.000000000000000000e+00 0.000000000000000000e+00
9.340000000000000000e+02 0.000000000000000000e+00 0.000000000000000000e+00
9.380000000000000000e+02 0.000000000000000000e+00 0.000000000000000000e+00
9.420000000000000000e+02 0.000000000000000000e+00 0.000000000000000000e+00
9.460000000000000000e+02 0.000000000000000000e+00 0.000000000000000000e+00
9.500000000000000000e+02 0.000000000000000000e+00 0.000000000000000000e+00
9.540000000000000000e+02 -1.261148601770401001e-02 -2.350054626267840396e-14
9.580000000000000000e+02 -1.758879423141479492e-02 -3.277538085225996378e-14
9.620000000000000000e+02 -3.041257709264755249e-02 -5.667152538262401618e-14
9.660000000000000000e+02 -1.260808855295181274e-02 -2.349421384436473081e-14
9.700000000000000000e+02 0.000000000000000000e+00 0.000000000000000000e+00
9.740000000000000000e+02 0.000000000000000000e+00 0.000000000000000000e+00
9.780000000000000000e+02 0.000000000000000000e+00 0.000000000000000000e+00
9.820000000000000000e+02 0.000000000000000000e+00 0.000000000000000000e+00
9.860000000000000000e+02 -1.787909492850303650e-02 -3.331633336182623917e-14
9.900000000000000000e+02 0.000000000000000000e+00 0.000000000000000000e+00
9.940000000000000000e+02 0.000000000000000000e+00 0.000000000000000000e+00
9.980000000000000000e+02 -1.979413442313671112e-02 -3.688486283981787239e-14
1.002000000000000000e+03 0.000000000000000000e+00 0.000000000000000000e+00
1.006000000000000000e+03 0.000000000000000000e+00 0.000000000000000000e+00
1.010000000000000000e+03 4.781399369239807129e-01 8.909773960286138106e-13
1.014000000000000000e+03 0.000000000000000000e+00 0.000000000000000000e+00
1.018000000000000000e+03 0.000000000000000000e+00 0.000000000000000000e+00
1.022000000000000000e+03 0.000000000000000000e+00 0.000000000000000000e+00
1.026000000000000000e+03 -1.261771749705076218e-02 -2.351215739031936591e-14
1.030000000000000000e+03 0.000000000000000000e+00 0.000000000000000000e+00
1.034000000000000000e+03 0.000000000000000000e+00 0.000000000000000000e+00
1.038000000000000000e+03 0.000000000000000000e+00 0.000000000000000000e+00
1.042000000000000000e+03 0.000000000000000000e+00 0.000000000000000000e+00
1.046000000000000000e+03 0.000000000000000000e+00 0.000000000000000000e+00
1.050000000000000000e+03 -1.262091752141714096e-02 -2.351812050226803619e-14
1.054000000000000000e+03 0.000000000000000000e+00 0.000000000000000000e+00
1.058000000000000000e+03 0.000000000000000000e+00 0.000000000000000000e+00
1.062000000000000000e+03 0.000000000000000000e+00 0.000000000000000000e+00
1.066000000000000000e+03 0.000000000000000000e+00 0.000000000000000000e+00
1.070000000000000000e+03 0.000000000000000000e+00 0.000000000000000000e+00
1.074000000000000000e+03 -1.780809275805950165e-02 -3.318402681546511745e-14
1.078000000000000000e+03 0.000000000000000000e+00 0.000000000000000000e+00
1.082000000000000000e+03 0.000000000000000000e+00 0.000000000000000000e+00
1.086000000000000000e+03 -1.781338639557361603e-02 -3.319388966710294653e-14
1.090000000000000000e+03 0.000000000000000000e+00 0.000000000000000000e+00
1.094000000000000000e+03 0.000000000000000000e+00 0.000000000000000000e+00
1.098000000000000000e+03 0.000000000000000000e+00 0.000000000000000000e+00
1.102000000000000000e+03 0.000000000000000000e+00 0.000000000000000000e+00
1.106000000000000000e+03 -1.953266002237796783e-02 -3.639762577163467572e-14
1.110000000000000000e+03 0.000000000000000000e+00 0.000000000000000000e+00
1.114000000000000000e+03 0.000000000000000000e+00 0.000000000000000000e+00
1.118000000000000000e+03 -1.784693263471126556e-02 -3.325640069861031389e-14
1.122000000000000000e+03 -1.788483373820781708e-02 -3.332702969388416647e-14
1.126000000000000000e+03 0.000000000000000000e+00 0.000000000000000000e+00
1.130000000000000000e+03 -1.770134828984737396e-02 -3.298511637439549560e-14
1.134000000000000000e+03 -1.785496994853019714e-02 -3.327137962924955894e-14
1.138000000000000000e+03 0.000000000000000000e+00 0.000000000000000000e+00
1.142000000000000000e+03 0.000000000000000000e+00 0.000000000000000000e+00
1.146000000000000000e+03 0.000000000000000000e+00 0.000000000000000000e+00
1.150000000000000000e+03 0.000000000000000000e+00 0.000000000000000000e+00
1.154000000000000000e+03 0.000000000000000000e+00 0.000000000000000000e+00
1.158000000000000000e+03 0.000000000000000000e+00 0.000000000000000000e+00
1.162000000000000000e+03 5.542027354240417480e-01 1.032714603936557562e-12
1.166000000000000000e+03 0.000000000000000000e+00 0.000000000000000000e+00
1.170000000000000000e+03 0.000000000000000000e+00 0.000000000000000000e+00
1.174000000000000000e+03 0.000000000000000000e+00 0.000000000000000000e+00
1.178000000000000000e+03 0.000000000000000000e+00 0.000000000000000000e+00
1.182000000000000000e+03 0.000000000000000000e+00 0.000000000000000000e+00
1.186000000000000000e+03 0.000000000000000000e+00 0.000000000000000000e+00
1.190000000000000000e+03 0.000000000000000000e+00 0.000000000000000000e+00
1.194000000000000000e+03 -1.772485300898551941e-02 -3.302891814216390998e-14
1.198000000000000000e+03 0.000000000000000000e+00 0.000000000000000000e+00
1.202000000000000000e+03 0.000000000000000000e+00 0.000000000000000000e+00
1.206000000000000000e+03 -1.263100560754537582e-02 -2.353691955149939813e-14
1.210000000000000000e+03 0.000000000000000000e+00 0.000000000000000000e+00
1.214000000000000000e+03 0.000000000000000000e+00 0.000000000000000000e+00
1.218000000000000000e+03 0.000000000000000000e+00 0.000000000000000000e+00
1.222000000000000000e+03 -1.260702032595872879e-02 -2.349222331693868321e-14
1.226000000000000000e+03 0.000000000000000000e+00 0.000000000000000000e+00
1.230000000000000000e+03 0.000000000000000000e+00 0.000000000000000000e+00
1.234000000000000000e+03 0.000000000000000000e+00 0.000000000000000000e+00
1.238000000000000000e+03 0.000000000000000000e+00 0.000000000000000000e+00
1.242000000000000000e+03 -1.784255914390087128e-02 -3.324825224165772752e-14
1.246000000000000000e+03 0.000000000000000000e+00 0.000000000000000000e+00
1.250000000000000000e+03 0.000000000000000000e+00 0.000000000000000000e+00
1.254000000000000000e+03 0.000000000000000000e+00 0.000000000000000000e+00
1.258000000000000000e+03 0.000000000000000000e+00 0.000000000000000000e+00
1.262000000000000000e+03 0.000000000000000000e+00 0.000000000000000000e+00
1.266000000000000000e+03 0.000000000000000000e+00 0.000000000000000000e+00
1.270000000000000000e+03 -1.770248264074325562e-02 -3.298723056863184233e-14
1.274000000000000000e+03 0.000000000000000000e+00 0.000000000000000000e+00
1.278000000000000000e+03 0.000000000000000000e+00 0.000000000000000000e+00
1.282000000000000000e+03 0.000000000000000000e+00 0.000000000000000000e+00
1.286000000000000000e+03 0.000000000000000000e+00 0.000000000000000000e+00
1.290000000000000000e+03 0.000000000000000000e+00 0.000000000000000000e+00
1.294000000000000000e+03 -1.260716747492551804e-02 -2.349249775561359360e-14
1.298000000000000000e+03 -1.262169424444437027e-02 -2.351956723454194653e-14
1.302000000000000000e+03 0.000000000000000000e+00 0.000000000000000000e+00
1.306000000000000000e+03 0.000000000000000000e+00 0.000000000000000000e+00
1.310000000000000000e+03 0.000000000000000000e+00 0.000000000000000000e+00
1.314000000000000000e+03 0.000000000000000000e+00 0.000000000000000000e+00
1.318000000000000000e+03 0.000000000000000000e+00 0.000000000000000000e+00
1.322000000000000000e+03 0.000000000000000000e+00 0.000000000000000000e+00
1.326000000000000000e+03 -1.262898370623588562e-02 -2.353315194895001100e-14
1.330000000000000000e+03 0.000000000000000000e+00 0.000000000000000000e+00
1.334000000000000000e+03 0.000000000000000000e+00 0.000000000000000000e+00
1.338000000000000000e+03 0.000000000000000000e+00 0.000000000000000000e+00
1.342000000000000000e+03 -3.537116944789886475e-02 -6.591148254356943292e-14
1.346000000000000000e+03 0.000000000000000000e+00 0.000000000000000000e+00
1.350000000000000000e+03 0.000000000000000000e+00 0.000000000000000000e+00
1.354000000000000000e+03 0.000000000000000000e+00 0.000000000000000000e+00
1.358000000000000000e+03 0.000000000000000000e+00 0.000000000000000000e+00
1.362000000000000000e+03 -1.799208112061023712e-02 -3.352687525932755708e-14
1.366000000000000000e+03 0.000000000000000000e+00 0.000000000000000000e+00
1.370000000000000000e+03 0.000000000000000000e+00 0.000000000000000000e+00
1.374000000000000000e+03 0.000000000000000000e+00 0.000000000000000000e+00
1.378000000000000000e+03 0.000000000000000000e+00 0.000000000000000000e+00
1.382000000000000000e+03 0.000000000000000000e+00 0.000000000000000000e+00
1.386000000000000000e+03 0.000000000000000000e+00 0.000000000000000000e+00
1.390000000000000000e+03 -1.806533895432949066e-02 -3.366338647723884914e-14
1.394000000000000000e+03 0.000000000000000000e+00 0.000000000000000000e+00
1.398000000000000000e+03 0.000000000000000000e+00 0.000000000000000000e+00
1.402000000000000000e+03 0.000000000000000000e+00 0.000000000000000000e+00
1.406000000000000000e+03 4.610186517238616943e-01 8.590732292201863629e-13
1.410000000000000000e+03 -1.259783189743757248e-02 -2.347510308700877929e-14
1.414000000000000000e+03 -1.773142069578170776e-02 -3.304115268605405109e-14
1.418000000000000000e+03 0.000000000000000000e+00 0.000000000000000000e+00
1.422000000000000000e+03 0.000000000000000000e+00 0.000000000000000000e+00
1.426000000000000000e+03 0.000000000000000000e+00 0.000000000000000000e+00
1.430000000000000000e+03 0.000000000000000000e+00 0.000000000000000000e+00
1.434000000000000000e+03 0.000000000000000000e+00 0.000000000000000000e+00
1.438000000000000000e+03 0.000000000000000000e+00 0.000000000000000000e+00
1.442000000000000000e+03 -3.168315440416336060e-02 -5.903914510052565845e-14
1.446000000000000000e+03 -1.766636222600936890e-02 -3.291992194251122661e-14
1.450000000000000000e+03 0.000000000000000000e+00 0.000000000000000000e+00
1.454000000000000000e+03 5.553836822509765625e-01 1.034915317506268639e-12
1.458000000000000000e+03 0.000000000000000000e+00 0.000000000000000000e+00
1.462000000000000000e+03 -1.807514764368534088e-02 -3.368166206010880792e-14
1.466000000000000000e+03 0.000000000000000000e+00 0.000000000000000000e+00
1.470000000000000000e+03 0.000000000000000000e+00 0.000000000000000000e+00
1.474000000000000000e+03 5.453158020973205566e-01 1.016154608374231216e-12
1.478000000000000000e+03 0.000000000000000000e+00 0.000000000000000000e+00
1.482000000000000000e+03 -1.752483285963535309e-02 -3.265619315218591667e-14
1.486000000000000000e+03 5.324885249137878418e-01 9.922519620189640399e-13
1.490000000000000000e+03 0.000000000000000000e+00 0.000000000000000000e+00
1.494000000000000000e+03 0.000000000000000000e+00 0.000000000000000000e+00
1.498000000000000000e+03 0.000000000000000000e+00 0.000000000000000000e+00
1.502000000000000000e+03 0.000000000000000000e+00 0.000000000000000000e+00
1.506000000000000000e+03 -1.263236906379461288e-02 -2.353945895627526652e-14
1.510000000000000000e+03 0.000000000000000000e+00 0.000000000000000000e+00
1.514000000000000000e+03 0.000000000000000000e+00 0.000000000000000000e+00
1.518000000000000000e+03 0.000000000000000000e+00 0.000000000000000000e+00
1.522000000000000000e+03 0.000000000000000000e+00 0.000000000000000000e+00
1.526000000000000000e+03 6.065850853919982910e-01 1.130325217105210278e-12
1.530000000000000000e+03 0.000000000000000000e+00 0.000000000000000000e+00
1.534000000000000000e+03 -1.771246269345283508e-02 -3.300582802402175775e-14
1.538000000000000000e+03 0.000000000000000000e+00 0.000000000000000000e+00
1.542000000000000000e+03 4.789410531520843506e-01 8.924702339999091016e-13
1.546000000000000000e+03 0.000000000000000000e+00 0.000000000000000000e+00
1.550000000000000000e+03 0.000000000000000000e+00 0.000000000000000000e+00
1.554000000000000000e+03 0.000000000000000000e+00 0.000000000000000000e+00
1.558000000000000000e+03 0.000000000000000000e+00 0.000000000000000000e+00
1.562000000000000000e+03 0.000000000000000000e+00 0.000000000000000000e+00
1.566000000000000000e+03 0.000000000000000000e+00 0.000000000000000000e+00
1.570000000000000000e+03 0.000000000000000000e+00 0.000000000000000000e+00
1.574000000000000000e+03 0.000000000000000000e+00 0.000000000000000000e+00
1.578000000000000000e+03 0.000000000000000000e+00 0.000000000000000000e+00
1.582000000000000000e+03 0.000000000000000000e+00 0.000000000000000000e+00
1.586000000000000000e+03 0.000000000000000000e+00 0.000000000000000000e+00
1.590000000000000000e+03 0.000000000000000000e+00 0.000000000000000000e+00
1.594000000000000000e+03 0.000000000000000000e+00 0.000000000000000000e+00
1.598000000000000000e+03 0.000000000000000000e+00 0.000000000000000000e+00
1.602000000000000000e+03 0.000000000000000000e+00 0.000000000000000000e+00
1.606000000000000000e+03 0.000000000000000000e+00 0.000000000000000000e+00
1.610000000000000000e+03 0.000000000000000000e+00 0.000000000000000000e+00
1.614000000000000000e+03 0.000000000000000000e+00 0.000000000000000000e+00
1.618000000000000000e+03 0.000000000000000000e+00 0.000000000000000000e+00
1.622000000000000000e+03 0.000000000000000000e+00 0.000000000000000000e+00
1.626000000000000000e+03 0.000000000000000000e+00 0.000000000000000000e+00
1.630000000000000000e+03 0.000000000000000000e+00 0.000000000000000000e+00
1.634000000000000000e+03 0.000000000000000000e+00 0.000000000000000000e+00
1.638000000000000000e+03 0.000000000000000000e+00 0.000000000000000000e+00
1.642000000000000000e+03 0.000000000000000000e+00 0.000000000000000000e+00
1.646000000000000000e+03 -1.777173765003681183e-02 -3.311628450847550753e-14
1.650000000000000000e+03 -1.765255071222782135e-02 -3.289418908157364096e-14
1.654000000000000000e+03 0.000000000000000000e+00 0.000000000000000000e+00
1.658000000000000000e+03 0.000000000000000000e+00 0.000000000000000000e+00
1.662000000000000000e+03 5.514112114906311035e-01 1.027512927173623858e-12
1.666000000000000000e+03 5.531294345855712891e-01 1.030714576188973552e-12
1.670000000000000000e+03 5.354300141334533691e-01 9.977331461019645076e-13
1.674000000000000000e+03 0.000000000000000000e+00 0.000000000000000000e+00
1.678000000000000000e+03 4.796679317951202393e-01 8.938247819841038666e-13
1.682000000000000000e+03 0.000000000000000000e+00 0.000000000000000000e+00
1.686000000000000000e+03 0.000000000000000000e+00 0.000000000000000000e+00
1.690000000000000000e+03 0.000000000000000000e+00 0.000000000000000000e+00
1.694000000000000000e+03 -1.773259788751602173e-02 -3.304334819545333424e-14
1.698000000000000000e+03 0.000000000000000000e+00 0.000000000000000000e+00
1.702000000000000000e+03 0.000000000000000000e+00 0.000000000000000000e+00
1.706000000000000000e+03 0.000000000000000000e+00 0.000000000000000000e+00
1.710000000000000000e+03 0.000000000000000000e+00 0.000000000000000000e+00
1.714000000000000000e+03 -3.011447191238403320e-02 -5.611602762328748994e-14
1.718000000000000000e+03 0.000000000000000000e+00 0.000000000000000000e+00
1.722000000000000000e+03 -1.770443096756935120e-02 -3.299086264590966877e-14
1.726000000000000000e+03 0.000000000000000000e+00 0.000000000000000000e+00
1.730000000000000000e+03 0.000000000000000000e+00 0.000000000000000000e+00
1.734000000000000000e+03 -1.800611242651939392e-02 -3.355302147234340282e-14
1.738000000000000000e+03 4.786600470542907715e-01 8.919465643505986030e-13
1.742000000000000000e+03 0.000000000000000000e+00 0.000000000000000000e+00
1.746000000000000000e+03 0.000000000000000000e+00 0.000000000000000000e+00
1.750000000000000000e+03 0.000000000000000000e+00 0.000000000000000000e+00
1.754000000000000000e+03 0.000000000000000000e+00 0.000000000000000000e+00
1.758000000000000000e+03 -3.545651584863662720e-02 -6.607052144974590036e-14
1.762000000000000000e+03 5.399210453033447266e-01 1.006101885830945619e-12
1.766000000000000000e+03 0.000000000000000000e+00 0.000000000000000000e+00
1.770000000000000000e+03 0.000000000000000000e+00 0.000000000000000000e+00
1.774000000000000000e+03 0.000000000000000000e+00 0.000000000000000000e+00
1.778000000000000000e+03 0.000000000000000000e+00 0.000000000000000000e+00
1.782000000000000000e+03 0.000000000000000000e+00 0.000000000000000000e+00
1.786000000000000000e+03 0.000000000000000000e+00 0.000000000000000000e+00
1.790000000000000000e+03 0.000000000000000000e+00 0.000000000000000000e+00
1.794000000000000000e+03 -2.041873149573802948e-02 -3.804875387198106140e-14
1.798000000000000000e+03 0.000000000000000000e+00 0.000000000000000000e+00
1.802000000000000000e+03 0.000000000000000000e+00 0.000000000000000000e+00
1.806000000000000000e+03 0.000000000000000000e+00 0.000000000000000000e+00
1.810000000000000000e+03 0.000000000000000000e+00 0.000000000000000000e+00
1.814000000000000000e+03 0.000000000000000000e+00 0.000000000000000000e+00
1.818000000000000000e+03 0.000000000000000000e+00 0.000000000000000000e+00
1.822000000000000000e+03 0.000000000000000000e+00 0.000000000000000000e+00
1.826000000000000000e+03 5.529025793075561523e-01 1.030291954182138703e-12
1.830000000000000000e+03 0.000000000000000000e+00 0.000000000000000000e+00
1.834000000000000000e+03 0.000000000000000000e+00 0.000000000000000000e+00
1.838000000000000000e+03 0.000000000000000000e+00 0.000000000000000000e+00
1.842000000000000000e+03 0.000000000000000000e+00 0.000000000000000000e+00
1.846000000000000000e+03 0.000000000000000000e+00 0.000000000000000000e+00
1.850000000000000000e+03 0.000000000000000000e+00 0.000000000000000000e+00
1.854000000000000000e+03 4.793702363967895508e-01 8.932699957324430340e-13
1.858000000000000000e+03 0.000000000000000000e+00 0.000000000000000000e+00
1.862000000000000000e+03 0.000000000000000000e+00 0.000000000000000000e+00
1.866000000000000000e+03 -1.772573031485080719e-02 -3.303055122168621627e-14
1.870000000000000000e+03 0.000000000000000000e+00 0.000000000000000000e+00
1.874000000000000000e+03 0.000000000000000000e+00 0.000000000000000000e+00
1.878000000000000000e+03 -1.261916104704141617e-02 -2.351484756695984557e-14
1.882000000000000000e+03 0.000000000000000000e+00 0.000000000000000000e+00
1.886000000000000000e+03 -1.789670623838901520e-02 -3.334915080633465978e-14
1.890000000000000000e+03 0.000000000000000000e+00 0.000000000000000000e+00
1.894000000000000000e+03 -1.258865650743246078e-02 -2.345800487993550398e-14
1.898000000000000000e+03 0.000000000000000000e+00 0.000000000000000000e+00
1.902000000000000000e+03 0.000000000000000000e+00 0.000000000000000000e+00
1.906000000000000000e+03 0.000000000000000000e+00 0.000000000000000000e+00
1.910000000000000000e+03 -1.779010333120822906e-02 -3.315050463954458126e-14
1.914000000000000000e+03 -1.780200563371181488e-02 -3.317268673836727688e-14
1.918000000000000000e+03 0.000000000000000000e+00 0.000000000000000000e+00
1.922000000000000000e+03 0.000000000000000000e+00 0.000000000000000000e+00
1.926000000000000000e+03 0.000000000000000000e+00 0.000000000000000000e+00
1.930000000000000000e+03 0.000000000000000000e+00 0.000000000000000000e+00
1.934000000000000000e+03 4.798606336116790771e-01 8.941838155335224414e-13
1.938000000000000000e+03 0.000000000000000000e+00 0.000000000000000000e+00
1.942000000000000000e+03 0.000000000000000000e+00 0.000000000000000000e+00
1.946000000000000000e+03 -1.257223542779684067e-02 -2.342740496768299513e-14
1.950000000000000000e+03 -4.796738177537918091e-02 -8.938357188735188141e-14
1.954000000000000000e+03 0.000000000000000000e+00 0.000000000000000000e+00
1.958000000000000000e+03 0.000000000000000000e+00 0.000000000000000000e+00
1.962000000000000000e+03 0.000000000000000000e+00 0.000000000000000000e+00
1.966000000000000000e+03 0.000000000000000000e+00 0.000000000000000000e+00
1.970000000000000000e+03 0.000000000000000000e+00 0.000000000000000000e+00
1.974000000000000000e+03 0.000000000000000000e+00 0.000000000000000000e+00
1.978000000000000000e+03 0.000000000000000000e+00 0.000000000000000000e+00
1.982000000000000000e+03 0.000000000000000000e+00 0.000000000000000000e+00
1.986000000000000000e+03 0.000000000000000000e+00 0.000000000000000000e+00
1.990000000000000000e+03 -1.772888936102390289e-02 -3.303643640660373915e-14
1.994000000000000000e+03 -4.306323081254959106e-02 -8.024506216843321771e-14
1.998000000000000000e+03 0.000000000000000000e+00 0.000000000000000000e+00
2.002000000000000000e+03 0.000000000000000000e+00 0.000000000000000000e+00
2.006000000000000000e+03 0.000000000000000000e+00 0.000000000000000000e+00
2.010000000000000000e+03 -1.780908927321434021e-02 -3.318588689981728790e-14
2.014000000000000000e+03 0.000000000000000000e+00 0.000000000000000000e+00
2.018000000000000000e+03 0.000000000000000000e+00 0.000000000000000000e+00
2.022000000000000000e+03 0.000000000000000000e+00 0.000000000000000000e+00
2.026000000000000000e+03 0.000000000000000000e+00 0.000000000000000000e+00
2.030000000000000000e+03 -1.788981072604656219e-02 -3.333629962245891754e-14
2.034000000000000000e+03 0.000000000000000000e+00 0.000000000000000000e+00
2.038000000000000000e+03 0.000000000000000000e+00 0.000000000000000000e+00
2.042000000000000000e+03 0.000000000000000000e+00 0.000000000000000000e+00
2.046000000000000000e+03 0.000000000000000000e+00 0.000000000000000000e+00
2.050000000000000000e+03 0.000000000000000000e+00 0.000000000000000000e+00
2.054000000000000000e+03 0.000000000000000000e+00 0.000000000000000000e+00
2.058000000000000000e+03 0.000000000000000000e+00 0.000000000000000000e+00
2.062000000000000000e+03 0.000000000000000000e+00 0.000000000000000000e+00
2.066000000000000000e+03 5.411639809608459473e-01 1.008417958511809154e-12
2.070000000000000000e+03 4.797064960002899170e-01 8.938966103780310313e-13
2.074000000000000000e+03 0.000000000000000000e+00 0.000000000000000000e+00
2.078000000000000000e+03 0.000000000000000000e+00 0.000000000000000000e+00
2.082000000000000000e+03 5.469216108322143555e-01 1.019146789529856711e-12
2.086000000000000000e+03 0.000000000000000000e+00 0.000000000000000000e+00
2.090000000000000000e+03 0.000000000000000000e+00 0.000000000000000000e+00
2.094000000000000000e+03 0.000000000000000000e+00 0.000000000000000000e+00
2.098000000000000000e+03 0.000000000000000000e+00 0.000000000000000000e+00
2.102000000000000000e+03 0.000000000000000000e+00 0.000000000000000000e+00
2.106000000000000000e+03 -1.782319322228431702e-02 -3.321216524997290531e-14
2.110000000000000000e+03 5.904541611671447754e-01 1.100266362394353159e-12
2.114000000000000000e+03 -4.962452873587608337e-02 -9.247153552865289283e-14
2.118000000000000000e+03 0.000000000000000000e+00 0.000000000000000000e+00
2.122000000000000000e+03 0.000000000000000000e+00 0.000000000000000000e+00
2.126000000000000000e+03 -1.793184131383895874e-02 -3.341462306502562818e-14
2.130000000000000000e+03 0.000000000000000000e+00 0.000000000000000000e+00
2.134000000000000000e+03 0.000000000000000000e+00 0.000000000000000000e+00
2.138000000000000000e+03 0.000000000000000000e+00 0.000000000000000000e+00
2.142000000000000000e+03 -1.774544455111026764e-02 -3.306728534654274076e-14
2.146000000000000000e+03 -1.779086515307426453e-02 -3.315192426676417947e-14
2.150000000000000000e+03 0.000000000000000000e+00 0.000000000000000000e+00
2.154000000000000000e+03 0.000000000000000000e+00 0.000000000000000000e+00
2.158000000000000000e+03 0.000000000000000000e+00 0.000000000000000000e+00
2.162000000000000000e+03 0.000000000000000000e+00 0.000000000000000000e+00
2.166000000000000000e+03 0.000000000000000000e+00 0.000000000000000000e+00
2.170000000000000000e+03 0.000000000000000000e+00 0.000000000000000000e+00
2.174000000000000000e+03 0.000000000000000000e+00 0.000000000000000000e+00
2.178000000000000000e+03 -1.768752187490463257e-02 -3.295935302027180880e-14
2.182000000000000000e+03 0.000000000000000000e+00 0.000000000000000000e+00
2.186000000000000000e+03 -1.259826868772506714e-02 -2.347591623863814342e-14
2.190000000000000000e+03 0.000000000000000000e+00 0.000000000000000000e+00
2.194000000000000000e+03 0.000000000000000000e+00 0.000000000000000000e+00
2.198000000000000000e+03 5.353847146034240723e-01 9.976486867527278868e-13
2.202000000000000000e+03 0.000000000000000000e+00 0.000000000000000000e+00
2.206000000000000000e+03 0.000000000000000000e+00 0.000000000000000000e+00
2.210000000000000000e+03 -1.767904497683048248e-02 -3.294355416173962159e-14
2.214000000000000000e+03 0.000000000000000000e+00 0.000000000000000000e+00
2.218000000000000000e+03 -1.261708699166774750e-02 -2.351098170858857694e-14
2.222000000000000000e+03 -1.763688959181308746e-02 -3.286500371434304679e-14
2.226000000000000000e+03 0.000000000000000000e+00 0.000000000000000000e+00
2.230000000000000000e+03 0.000000000000000000e+00 0.000000000000000000e+00
2.234000000000000000e+03 0.000000000000000000e+00 0.000000000000000000e+00
2.238000000000000000e+03 0.000000000000000000e+00 0.000000000000000000e+00
2.242000000000000000e+03 0.000000000000000000e+00 0.000000000000000000e+00
2.246000000000000000e+03 0.000000000000000000e+00 0.000000000000000000e+00
2.250000000000000000e+03 0.000000000000000000e+00 0.000000000000000000e+00
2.254000000000000000e+03 0.000000000000000000e+00 0.000000000000000000e+00
2.258000000000000000e+03 0.000000000000000000e+00 0.000000000000000000e+00
2.262000000000000000e+03 0.000000000000000000e+00 0.000000000000000000e+00
2.266000000000000000e+03 0.000000000000000000e+00 0.000000000000000000e+00
2.270000000000000000e+03 0.000000000000000000e+00 0.000000000000000000e+00
2.274000000000000000e+03 0.000000000000000000e+00 0.000000000000000000e+00
2.278000000000000000e+03 0.000000000000000000e+00 0.000000000000000000e+00
2.282000000000000000e+03 0.000000000000000000e+00 0.000000000000000000e+00
2.286000000000000000e+03 5.473834276199340820e-01 1.020007429214375705e-12
2.290000000000000000e+03 0.000000000000000000e+00 0.000000000000000000e+00
2.294000000000000000e+03 1.098956823348999023e+00 2.047822631953688521e-12
2.298000000000000000e+03 0.000000000000000000e+00 0.000000000000000000e+00
2.302000000000000000e+03 0.000000000000000000e+00 0.000000000000000000e+00
2.306000000000000000e+03 0.000000000000000000e+00 0.000000000000000000e+00
2.310000000000000000e+03 0.000000000000000000e+00 0.000000000000000000e+00
2.314000000000000000e+03 0.000000000000000000e+00 0.000000000000000000e+00
2.318000000000000000e+03 0.000000000000000000e+00 0.000000000000000000e+00
2.322000000000000000e+03 0.000000000000000000e+00 0.000000000000000000e+00
2.326000000000000000e+03 0.000000000000000000e+00 0.000000000000000000e+00
2.330000000000000000e+03 0.000000000000000000e+00 0.000000000000000000e+00
2.334000000000000000e+03 0.000000000000000000e+00 0.000000000000000000e+00
2.338000000000000000e+03 0.000000000000000000e+00 0.000000000000000000e+00
2.342000000000000000e+03 0.000000000000000000e+00 0.000000000000000000e+00
2.346000000000000000e+03 -1.265616249293088913e-02 -2.358379604886634562e-14
2.350000000000000000e+03 0.000000000000000000e+00 0.000000000000000000e+00
2.354000000000000000e+03 0.000000000000000000e+00 0.000000000000000000e+00
2.358000000000000000e+03 0.000000000000000000e+00 0.000000000000000000e+00
2.362000000000000000e+03 0.000000000000000000e+00 0.000000000000000000e+00
2.366000000000000000e+03 -1.779545284807682037e-02 -3.316047252326786987e-14
2.370000000000000000e+03 -3.023127652704715729e-02 -5.633368798567753299e-14
2.374000000000000000e+03 0.000000000000000000e+00 0.000000000000000000e+00
2.378000000000000000e+03 0.000000000000000000e+00 0.000000000000000000e+00
2.382000000000000000e+03 -1.264585927128791809e-02 -2.356459720008387965e-14
2.386000000000000000e+03 -1.789862662553787231e-02 -3.335273206163565096e-14
2.390000000000000000e+03 0.000000000000000000e+00 0.000000000000000000e+00
2.394000000000000000e+03 0.000000000000000000e+00 0.000000000000000000e+00
2.398000000000000000e+03 0.000000000000000000e+00 0.000000000000000000e+00
2.402000000000000000e+03 0.000000000000000000e+00 0.000000000000000000e+00
2.406000000000000000e+03 -4.789892956614494324e-02 -8.925601550175896182e-14
2.410000000000000000e+03 0.000000000000000000e+00 0.000000000000000000e+00
2.414000000000000000e+03 0.000000000000000000e+00 0.000000000000000000e+00
2.418000000000000000e+03 0.000000000000000000e+00 0.000000000000000000e+00
2.422000000000000000e+03 0.000000000000000000e+00 0.000000000000000000e+00
2.426000000000000000e+03 -3.033668175339698792e-02 -5.653010137361864917e-14
2.430000000000000000e+03 0.000000000000000000e+00 0.000000000000000000e+00
2.434000000000000000e+03 0.000000000000000000e+00 0.000000000000000000e+00
2.438000000000000000e+03 0.000000000000000000e+00 0.000000000000000000e+00
2.442000000000000000e+03 -1.264291722327470779e-02 -2.355911520284924981e-14
2.446000000000000000e+03 0.000000000000000000e+00 0.000000000000000000e+00
2.450000000000000000e+03 -1.775700040161609650e-02 -3.308882031219373410e-14
2.454000000000000000e+03 0.000000000000000000e+00 0.000000000000000000e+00
2.458000000000000000e+03 0.000000000000000000e+00 0.000000000000000000e+00
2.462000000000000000e+03 0.000000000000000000e+00 0.000000000000000000e+00
2.466000000000000000e+03 0.000000000000000000e+00 0.000000000000000000e+00
2.470000000000000000e+03 0.000000000000000000e+00 0.000000000000000000e+00
2.474000000000000000e+03 0.000000000000000000e+00 0.000000000000000000e+00
2.478000000000000000e+03 0.000000000000000000e+00 0.000000000000000000e+00
2.482000000000000000e+03 -1.784154959022998810e-02 -3.324637182851482298e-14
2.486000000000000000e+03 0.000000000000000000e+00 0.000000000000000000e+00
2.490000000000000000e+03 -1.945664919912815094e-02 -3.625598831032660063e-14
2.494000000000000000e+03 0.000000000000000000e+00 0.000000000000000000e+00
2.498000000000000000e+03 0.000000000000000000e+00 0.000000000000000000e+00
2.502000000000000000e+03 0.000000000000000000e+00 0.000000000000000000e+00
2.506000000000000000e+03 0.000000000000000000e+00 0.000000000000000000e+00
2.510000000000000000e+03 0.000000000000000000e+00 0.000000000000000000e+00
2.514000000000000000e+03 -3.542720898985862732e-02 -6.601591154157052110e-14
2.518000000000000000e+03 0.000000000000000000e+00 0.000000000000000000e+00
2.522000000000000000e+03 0.000000000000000000e+00 0.000000000000000000e+00
2.526000000000000000e+03 0.000000000000000000e+00 0.000000000000000000e+00
2.530000000000000000e+03 0.000000000000000000e+00 0.000000000000000000e+00
2.534000000000000000e+03 0.000000000000000000e+00 0.000000000000000000e+00
2.538000000000000000e+03 0.000000000000000000e+00 0.000000000000000000e+00
2.542000000000000000e+03 0.000000000000000000e+00 0.000000000000000000e+00
2.546000000000000000e+03 0.000000000000000000e+00 0.000000000000000000e+00
2.550000000000000000e+03 0.000000000000000000e+00 0.000000000000000000e+00
2.554000000000000000e+03 0.000000000000000000e+00 0.000000000000000000e+00
2.558000000000000000e+03 -1.760086230933666229e-02 -3.279787127107545996e-14
2.562000000000000000e+03 0.000000000000000000e+00 0.000000000000000000e+00
2.566000000000000000e+03 0.000000000000000000e+00 0.000000000000000000e+00
2.570000000000000000e+03 0.000000000000000000e+00 0.000000000000000000e+00
2.574000000000000000e+03 0.000000000000000000e+00 0.000000000000000000e+00
2.578000000000000000e+03 0.000000000000000000e+00 0.000000000000000000e+00
2.582000000000000000e+03 -1.787484064698219299e-02 -3.330840513343993892e-14
2.586000000000000000e+03 0.000000000000000000e+00 0.000000000000000000e+00
2.590000000000000000e+03 0.000000000000000000e+00 0.000000000000000000e+00
2.594000000000000000e+03 0.000000000000000000e+00 0.000000000000000000e+00
2.598000000000000000e+03 -1.783460751175880432e-02 -3.323343594134435530e-14
2.602000000000000000e+03 0.000000000000000000e+00 0.000000000000000000e+00
2.606000000000000000e+03 0.000000000000000000e+00 0.000000000000000000e+00
2.610000000000000000e+03 -4.296422749757766724e-02 -8.006057161625765306e-14
2.614000000000000000e+03 0.000000000000000000e+00 0.000000000000000000e+00
2.618000000000000000e+03 0.000000000000000000e+00 0.000000000000000000e+00
2.622000000000000000e+03 -1.766892895102500916e-02 -3.292470598459731890e-14
2.626000000000000000e+03 0.000000000000000000e+00 0.000000000000000000e+00
2.630000000000000000e+03 5.496510267257690430e-01 1.024232890341203461e-12
2.634000000000000000e+03 0.000000000000000000e+00 0.000000000000000000e+00
2.638000000000000000e+03 0.000000000000000000e+00 0.000000000000000000e+00
2.642000000000000000e+03 -3.563680872321128845e-02 -6.640648182168126801e-14
2.646000000000000000e+03 0.000000000000000000e+00 0.000000000000000000e+00
2.650000000000000000e+03 0.000000000000000000e+00 0.000000000000000000e+00
2.654000000000000000e+03 0.000000000000000000e+00 0.000000000000000000e+00
2.658000000000000000e+03 0.000000000000000000e+00 0.000000000000000000e+00
2.662000000000000000e+03 -1.780986599624156952e-02 -3.318733363209119824e-14
2.666000000000000000e+03 0.000000000000000000e+00 0.000000000000000000e+00
2.670000000000000000e+03 0.000000000000000000e+00 0.000000000000000000e+00
2.674000000000000000e+03 0.000000000000000000e+00 0.000000000000000000e+00
2.678000000000000000e+03 0.000000000000000000e+00 0.000000000000000000e+00
2.682000000000000000e+03 0.000000000000000000e+00 0.000000000000000000e+00
2.686000000000000000e+03 0.000000000000000000e+00 0.000000000000000000e+00
2.690000000000000000e+03 0.000000000000000000e+00 0.000000000000000000e+00
2.694000000000000000e+03 0.000000000000000000e+00 0.000000000000000000e+00
2.698000000000000000e+03 0.000000000000000000e+00 0.000000000000000000e+00
2.702000000000000000e+03 0.000000000000000000e+00 0.000000000000000000e+00
2.706000000000000000e+03 0.000000000000000000e+00 0.000000000000000000e+00
2.710000000000000000e+03 -1.262711454182863235e-02 -2.352966894947090132e-14
2.714000000000000000e+03 -1.766823232173919678e-02 -3.292340833012212531e-14
2.718000000000000000e+03 0.000000000000000000e+00 0.000000000000000000e+00
2.722000000000000000e+03 0.000000000000000000e+00 0.000000000000000000e+00
2.726000000000000000e+03 0.000000000000000000e+00 0.000000000000000000e+00
2.730000000000000000e+03 0.000000000000000000e+00 0.000000000000000000e+00
2.734000000000000000e+03 0.000000000000000000e+00 0.000000000000000000e+00
2.738000000000000000e+03 0.000000000000000000e+00 0.000000000000000000e+00
2.742000000000000000e+03 0.000000000000000000e+00 0.000000000000000000e+00
2.746000000000000000e+03 0.000000000000000000e+00 0.000000000000000000e+00
2.750000000000000000e+03 0.000000000000000000e+00 0.000000000000000000e+00
2.754000000000000000e+03 0.000000000000000000e+00 0.000000000000000000e+00
2.758000000000000000e+03 0.000000000000000000e+00 0.000000000000000000e+00
2.762000000000000000e+03 0.000000000000000000e+00 0.000000000000000000e+00
2.766000000000000000e+03 0.000000000000000000e+00 0.000000000000000000e+00
2.770000000000000000e+03 -1.259075850248336792e-02 -2.346192156028360787e-14
2.774000000000000000e+03 0.000000000000000000e+00 0.000000000000000000e+00
2.778000000000000000e+03 0.000000000000000000e+00 0.000000000000000000e+00
2.782000000000000000e+03 0.000000000000000000e+00 0.000000000000000000e+00
2.786000000000000000e+03 -1.775931194424629211e-02 -3.309312662769757496e-14
2.790000000000000000e+03 -1.756681129336357117e-02 -3.273441833893074582e-14
2.794000000000000000e+03 0.000000000000000000e+00 0.000000000000000000e+00
2.798000000000000000e+03 0.000000000000000000e+00 0.000000000000000000e+00
2.802000000000000000e+03 0.000000000000000000e+00 0.000000000000000000e+00
2.806000000000000000e+03 5.501192808151245117e-01 1.025105456249619795e-12
2.810000000000000000e+03 0.000000000000000000e+00 0.000000000000000000e+00
2.814000000000000000e+03 0.000000000000000000e+00 0.000000000000000000e+00
2.818000000000000000e+03 0.000000000000000000e+00 0.000000000000000000e+00
2.822000000000000000e+03 0.000000000000000000e+00 0.000000000000000000e+00
2.826000000000000000e+03 0.000000000000000000e+00 0.000000000000000000e+00
2.830000000000000000e+03 0.000000000000000000e+00 0.000000000000000000e+00
2.834000000000000000e+03 0.000000000000000000e+00 0.000000000000000000e+00
2.838000000000000000e+03 -1.843388751149177551e-02 -3.435014723834547978e-14
2.842000000000000000e+03 -1.262192521244287491e-02 -2.351999752727915172e-14
2.846000000000000000e+03 0.000000000000000000e+00 0.000000000000000000e+00
2.850000000000000000e+03 0.000000000000000000e+00 0.000000000000000000e+00
2.854000000000000000e+03 -1.774051412940025330e-02 -3.305810012126271513e-14
2.858000000000000000e+03 0.000000000000000000e+00 0.000000000000000000e+00
2.862000000000000000e+03 0.000000000000000000e+00 0.000000000000000000e+00
2.866000000000000000e+03 -1.264370884746313095e-02 -2.356059073424336681e-14
2.870000000000000000e+03 0.000000000000000000e+00 0.000000000000000000e+00
2.874000000000000000e+03 0.000000000000000000e+00 0.000000000000000000e+00
2.878000000000000000e+03 0.000000000000000000e+00 0.000000000000000000e+00
2.882000000000000000e+03 0.000000000000000000e+00 0.000000000000000000e+00
2.886000000000000000e+03 0.000000000000000000e+00 0.000000000000000000e+00
2.890000000000000000e+03 -1.262900140136480331e-02 -2.353318413620200666e-14
2.894000000000000000e+03 0.000000000000000000e+00 0.000000000000000000e+00
2.898000000000000000e+03 -1.792440935969352722e-02 -3.340077577040391488e-14
2.902000000000000000e+03 0.000000000000000000e+00 0.000000000000000000e+00
2.906000000000000000e+03 0.000000000000000000e+00 0.000000000000000000e+00
2.910000000000000000e+03 0.000000000000000000e+00 0.000000000000000000e+00
2.914000000000000000e+03 -1.778020337224006653e-02 -3.313205626195338260e-14
2.918000000000000000e+03 0.000000000000000000e+00 0.000000000000000000e+00
2.922000000000000000e+03 0.000000000000000000e+00 0.000000000000000000e+00
2.926000000000000000e+03 -1.258395053446292877e-02 -2.344923470079963296e-14
2.930000000000000000e+03 0.000000000000000000e+00 0.000000000000000000e+00
2.934000000000000000e+03 0.000000000000000000e+00 0.000000000000000000e+00
2.938000000000000000e+03 0.000000000000000000e+00 0.000000000000000000e+00
2.942000000000000000e+03 0.000000000000000000e+00 0.000000000000000000e+00
2.946000000000000000e+03 0.000000000000000000e+00 0.000000000000000000e+00
2.950000000000000000e+03 0.000000000000000000e+00 0.000000000000000000e+00
2.954000000000000000e+03 0.000000000000000000e+00 0.000000000000000000e+00
2.958000000000000000e+03 0.000000000000000000e+00 0.000000000000000000e+00
2.962000000000000000e+03 0.000000000000000000e+00 0.000000000000000000e+00
2.966000000000000000e+03 0.000000000000000000e+00 0.000000000000000000e+00
2.970000000000000000e+03 0.000000000000000000e+00 0.000000000000000000e+00
2.974000000000000000e+03 0.000000000000000000e+00 0.000000000000000000e+00
2.978000000000000000e+03 0.000000000000000000e+00 0.000000000000000000e+00
2.982000000000000000e+03 0.000000000000000000e+00 0.000000000000000000e+00
2.986000000000000000e+03 0.000000000000000000e+00 0.000000000000000000e+00
2.990000000000000000e+03 0.000000000000000000e+00 0.000000000000000000e+00
2.994000000000000000e+03 0.000000000000000000e+00 0.000000000000000000e+00
2.998000000000000000e+03 -1.791694015264511108e-02 -3.338685393688284320e-14
3.002000000000000000e+03 0.000000000000000000e+00 0.000000000000000000e+00
3.006000000000000000e+03 0.000000000000000000e+00 0.000000000000000000e+00
3.010000000000000000e+03 0.000000000000000000e+00 0.000000000000000000e+00
3.014000000000000000e+03 0.000000000000000000e+00 0.000000000000000000e+00
3.018000000000000000e+03 0.000000000000000000e+00 0.000000000000000000e+00
3.022000000000000000e+03 0.000000000000000000e+00 0.000000000000000000e+00
3.026000000000000000e+03 0.000000000000000000e+00 0.000000000000000000e+00
3.030000000000000000e+03 0.000000000000000000e+00 0.000000000000000000e+00
3.034000000000000000e+03 0.000000000000000000e+00 0.000000000000000000e+00
3.038000000000000000e+03 0.000000000000000000e+00 0.000000000000000000e+00
3.042000000000000000e+03 0.000000000000000000e+00 0.000000000000000000e+00
3.046000000000000000e+03 0.000000000000000000e+00 0.000000000000000000e+00
3.050000000000000000e+03 0.000000000000000000e+00 0.000000000000000000e+00
3.054000000000000000e+03 0.000000000000000000e+00 0.000000000000000000e+00
3.058000000000000000e+03 0.000000000000000000e+00 0.000000000000000000e+00
3.062000000000000000e+03 0.000000000000000000e+00 0.000000000000000000e+00
3.066000000000000000e+03 -1.265395991504192352e-02 -2.357969302126984579e-14
3.070000000000000000e+03 0.000000000000000000e+00 0.000000000000000000e+00
3.074000000000000000e+03 0.000000000000000000e+00 0.000000000000000000e+00
3.078000000000000000e+03 -1.761039346456527710e-02 -3.281562846978169912e-14
3.082000000000000000e+03 0.000000000000000000e+00 0.000000000000000000e+00
3.086000000000000000e+03 0.000000000000000000e+00 0.000000000000000000e+00
3.090000000000000000e+03 0.000000000000000000e+00 0.000000000000000000e+00
3.094000000000000000e+03 0.000000000000000000e+00 0.000000000000000000e+00
3.098000000000000000e+03 0.000000000000000000e+00 0.000000000000000000e+00
3.102000000000000000e+03 -1.802901737391948700e-02 -3.359570176848965251e-14
3.106000000000000000e+03 0.000000000000000000e+00 0.000000000000000000e+00
3.110000000000000000e+03 0.000000000000000000e+00 0.000000000000000000e+00
3.114000000000000000e+03 0.000000000000000000e+00 0.000000000000000000e+00
3.118000000000000000e+03 0.000000000000000000e+00 0.000000000000000000e+00
3.122000000000000000e+03 0.000000000000000000e+00 0.000000000000000000e+00
3.126000000000000000e+03 0.000000000000000000e+00 0.000000000000000000e+00
3.130000000000000000e+03 0.000000000000000000e+00 0.000000000000000000e+00
3.134000000000000000e+03 0.000000000000000000e+00 0.000000000000000000e+00
3.138000000000000000e+03 0.000000000000000000e+00 0.000000000000000000e+00
3.142000000000000000e+03 0.000000000000000000e+00 0.000000000000000000e+00
3.146000000000000000e+03 0.000000000000000000e+00 0.000000000000000000e+00
3.150000000000000000e+03 4.610564410686492920e-01 8.591435939411806721e-13
3.154000000000000000e+03 -1.937996968626976013e-02 -3.611310062838837820e-14
3.158000000000000000e+03 -1.786569692194461823e-02 -3.329136621867297141e-14
3.162000000000000000e+03 0.000000000000000000e+00 0.000000000000000000e+00
3.166000000000000000e+03 -1.258299220353364944e-02 -2.344744915534682089e-14
3.170000000000000000e+03 0.000000000000000000e+00 0.000000000000000000e+00
3.174000000000000000e+03 -1.779100298881530762e-02 -3.315218176478014478e-14
3.178000000000000000e+03 0.000000000000000000e+00 0.000000000000000000e+00
3.182000000000000000e+03 0.000000000000000000e+00 0.000000000000000000e+00
3.186000000000000000e+03 0.000000000000000000e+00 0.000000000000000000e+00
3.190000000000000000e+03 0.000000000000000000e+00 0.000000000000000000e+00
3.194000000000000000e+03 0.000000000000000000e+00 0.000000000000000000e+00
3.198000000000000000e+03 0.000000000000000000e+00 0.000000000000000000e+00
3.202000000000000000e+03 0.000000000000000000e+00 0.000000000000000000e+00
3.206000000000000000e+03 0.000000000000000000e+00 0.000000000000000000e+00
3.210000000000000000e+03 0.000000000000000000e+00 0.000000000000000000e+00
3.214000000000000000e+03 -3.020225837826728821e-02 -5.627961679045660748e-14
3.218000000000000000e+03 -1.260439213365316391e-02 -2.348732746650355335e-14
3.222000000000000000e+03 0.000000000000000000e+00 0.000000000000000000e+00
3.226000000000000000e+03 -1.767759583890438080e-02 -3.294085382070377488e-14
3.230000000000000000e+03 0.000000000000000000e+00 0.000000000000000000e+00
3.234000000000000000e+03 0.000000000000000000e+00 0.000000000000000000e+00
3.238000000000000000e+03 0.000000000000000000e+00 0.000000000000000000e+00
3.242000000000000000e+03 0.000000000000000000e+00 0.000000000000000000e+00
3.246000000000000000e+03 5.505085587501525879e-01 1.025830787503012598e-12
3.250000000000000000e+03 0.000000000000000000e+00 0.000000000000000000e+00
3.254000000000000000e+03 0.000000000000000000e+00 0.000000000000000000e+00
3.258000000000000000e+03 0.000000000000000000e+00 0.000000000000000000e+00
3.262000000000000000e+03 0.000000000000000000e+00 0.000000000000000000e+00
3.266000000000000000e+03 -1.263138279318809509e-02 -2.353762089477972469e-14
3.270000000000000000e+03 -3.567386418581008911e-02 -6.647553872380501661e-14
3.274000000000000000e+03 0.000000000000000000e+00 0.000000000000000000e+00
3.278000000000000000e+03 4.804318845272064209e-01 8.952482852264687097e-13
3.282000000000000000e+03 -1.777600683271884918e-02 -3.312423645378433090e-14
3.286000000000000000e+03 0.000000000000000000e+00 0.000000000000000000e+00
3.290000000000000000e+03 0.000000000000000000e+00 0.000000000000000000e+00
3.294000000000000000e+03 -1.261468976736068726e-02 -2.350651445682475776e-14
3.298000000000000000e+03 -1.755518466234207153e-02 -3.271275123613998081e-14
3.302000000000000000e+03 -1.780525036156177521e-02 -3.317873116547888357e-14
3.306000000000000000e+03 0.000000000000000000e+00 0.000000000000000000e+00
3.310000000000000000e+03 0.000000000000000000e+00 0.000000000000000000e+00
3.314000000000000000e+03 -1.790565624833106995e-02 -3.336583057913199146e-14
3.318000000000000000e+03 -1.774529740214347839e-02 -3.306701429599961939e-14
3.322000000000000000e+03 0.000000000000000000e+00 0.000000000000000000e+00
3.326000000000000000e+03 0.000000000000000000e+00 0.000000000000000000e+00
3.330000000000000000e+03 0.000000000000000000e+00 0.000000000000000000e+00
3.334000000000000000e+03 0.000000000000000000e+00 0.000000000000000000e+00
3.338000000000000000e+03 0.000000000000000000e+00 0.000000000000000000e+00
3.342000000000000000e+03 0.000000000000000000e+00 0.000000000000000000e+00
3.346000000000000000e+03 0.000000000000000000e+00 0.000000000000000000e+00
3.350000000000000000e+03 0.000000000000000000e+00 0.000000000000000000e+00
3.354000000000000000e+03 -1.262651477009057999e-02 -2.352855086598052564e-14
3.358000000000000000e+03 0.000000000000000000e+00 0.000000000000000000e+00
3.362000000000000000e+03 0.000000000000000000e+00 0.000000000000000000e+00
3.366000000000000000e+03 -3.884298354387283325e-02 -7.238094401184475002e-14
3.370000000000000000e+03 0.000000000000000000e+00 0.000000000000000000e+00
3.374000000000000000e+03 0.000000000000000000e+00 0.000000000000000000e+00
3.378000000000000000e+03 0.000000000000000000e+00 0.000000000000000000e+00
3.382000000000000000e+03 0.000000000000000000e+00 0.000000000000000000e+00
3.386000000000000000e+03 0.000000000000000000e+00 0.000000000000000000e+00
3.390000000000000000e+03 0.000000000000000000e+00 0.000000000000000000e+00
3.394000000000000000e+03 -3.586573526263237000e-02 -6.683306794270926776e-14
3.398000000000000000e+03 0.000000000000000000e+00 0.000000000000000000e+00
3.402000000000000000e+03 0.000000000000000000e+00 0.000000000000000000e+00
3.406000000000000000e+03 0.000000000000000000e+00 0.000000000000000000e+00
3.410000000000000000e+03 -1.767067983746528625e-02 -3.292796875551014246e-14
3.414000000000000000e+03 0.000000000000000000e+00 0.000000000000000000e+00
3.418000000000000000e+03 0.000000000000000000e+00 0.000000000000000000e+00
3.422000000000000000e+03 -1.774195209145545959e-02 -3.306078013350782774e-14
3.426000000000000000e+03 0.000000000000000000e+00 0.000000000000000000e+00
3.430000000000000000e+03 -1.759940944612026215e-02 -3.279516076564424620e-14
3.434000000000000000e+03 0.000000000000000000e+00 0.000000000000000000e+00
3.438000000000000000e+03 0.000000000000000000e+00 0.000000000000000000e+00
3.442000000000000000e+03 -3.530791029334068298e-02 -6.579360943862952449e-14
3.446000000000000000e+03 -1.260679960250854492e-02 -2.349181335299221213e-14
3.450000000000000000e+03 0.000000000000000000e+00 0.000000000000000000e+00
3.454000000000000000e+03 -1.761411875486373901e-02 -3.282257075181739536e-14
3.458000000000000000e+03 0.000000000000000000e+00 0.000000000000000000e+00
3.462000000000000000e+03 0.000000000000000000e+00 0.000000000000000000e+00
3.466000000000000000e+03 4.789378046989440918e-01 8.924642166778518071e-13
3.470000000000000000e+03 0.000000000000000000e+00 0.000000000000000000e+00
3.474000000000000000e+03 0.000000000000000000e+00 0.000000000000000000e+00
3.478000000000000000e+03 -1.765444129705429077e-02 -3.289770935050242984e-14
3.482000000000000000e+03 0.000000000000000000e+00 0.000000000000000000e+00
3.486000000000000000e+03 -1.766564697027206421e-02 -3.291859040671814285e-14
3.490000000000000000e+03 0.000000000000000000e+00 0.000000000000000000e+00
3.494000000000000000e+03 0.000000000000000000e+00 0.000000000000000000e+00
3.498000000000000000e+03 0.000000000000000000e+00 0.000000000000000000e+00
3.502000000000000000e+03 -1.788695156574249268e-02 -3.333097347928658249e-14
3.506000000000000000e+03 0.000000000000000000e+00 0.000000000000000000e+00
3.510000000000000000e+03 0.000000000000000000e+00 0.000000000000000000e+00
3.514000000000000000e+03 0.000000000000000000e+00 0.000000000000000000e+00
3.518000000000000000e+03 0.000000000000000000e+00 0.000000000000000000e+00
3.522000000000000000e+03 0.000000000000000000e+00 0.000000000000000000e+00
3.526000000000000000e+03 0.000000000000000000e+00 0.000000000000000000e+00
3.530000000000000000e+03 -1.761464402079582214e-02 -3.282354992190442133e-14
3.534000000000000000e+03 0.000000000000000000e+00 0.000000000000000000e+00
3.538000000000000000e+03 0.000000000000000000e+00 0.000000000000000000e+00
3.542000000000000000e+03 -1.770707406103610992e-02 -3.299578898953089978e-14
3.546000000000000000e+03 0.000000000000000000e+00 0.000000000000000000e+00
3.550000000000000000e+03 0.000000000000000000e+00 0.000000000000000000e+00
3.554000000000000000e+03 0.000000000000000000e+00 0.000000000000000000e+00
3.558000000000000000e+03 0.000000000000000000e+00 0.000000000000000000e+00
3.562000000000000000e+03 -1.759544201195240021e-02 -3.278776786208061067e-14
3.566000000000000000e+03 0.000000000000000000e+00 0.000000000000000000e+00
3.570000000000000000e+03 -1.790532656013965607e-02 -3.336521732727817935e-14
3.574000000000000000e+03 0.000000000000000000e+00 0.000000000000000000e+00
3.578000000000000000e+03 -1.778802834451198578e-02 -3.314663878117331264e-14
3.582000000000000000e+03 -1.772358082234859467e-02 -3.302654644991159794e-14
3.586000000000000000e+03 0.000000000000000000e+00 0.000000000000000000e+00
3.590000000000000000e+03 0.000000000000000000e+00 0.000000000000000000e+00
3.594000000000000000e+03 0.000000000000000000e+00 0.000000000000000000e+00
3.598000000000000000e+03 0.000000000000000000e+00 0.000000000000000000e+00
3.602000000000000000e+03 0.000000000000000000e+00 0.000000000000000000e+00
3.606000000000000000e+03 0.000000000000000000e+00 0.000000000000000000e+00
3.610000000000000000e+03 0.000000000000000000e+00 0.000000000000000000e+00
3.614000000000000000e+03 -1.259918231517076492e-02 -2.347761877486212456e-14
3.618000000000000000e+03 0.000000000000000000e+00 0.000000000000000000e+00
3.622000000000000000e+03 0.000000000000000000e+00 0.000000000000000000e+00
3.626000000000000000e+03 0.000000000000000000e+00 0.000000000000000000e+00
3.630000000000000000e+03 -1.774693652987480164e-02 -3.307006700274152389e-14
3.634000000000000000e+03 -1.261902041733264923e-02 -2.351458498674619674e-14
3.638000000000000000e+03 -1.782966032624244690e-02 -3.322421683474643950e-14
3.642000000000000000e+03 -1.771730370819568634e-02 -3.301485061897591056e-14
3.646000000000000000e+03 0.000000000000000000e+00 0.000000000000000000e+00
3.650000000000000000e+03 -1.262540463358163834e-02 -2.352648071745743613e-14
3.654000000000000000e+03 0.000000000000000000e+00 0.000000000000000000e+00
3.658000000000000000e+03 0.000000000000000000e+00 0.000000000000000000e+00
3.662000000000000000e+03 0.000000000000000000e+00 0.000000000000000000e+00
3.666000000000000000e+03 0.000000000000000000e+00 0.000000000000000000e+00
3.670000000000000000e+03 0.000000000000000000e+00 0.000000000000000000e+00
3.674000000000000000e+03 0.000000000000000000e+00 0.000000000000000000e+00
3.678000000000000000e+03 0.000000000000000000e+00 0.000000000000000000e+00
3.682000000000000000e+03 0.000000000000000000e+00 0.000000000000000000e+00
3.686000000000000000e+03 0.000000000000000000e+00 0.000000000000000000e+00
3.690000000000000000e+03 0.000000000000000000e+00 0.000000000000000000e+00
3.694000000000000000e+03 0.000000000000000000e+00 0.000000000000000000e+00
3.698000000000000000e+03 -1.264886651188135147e-02 -2.357020117006291410e-14
3.702000000000000000e+03 0.000000000000000000e+00 0.000000000000000000e+00
3.706000000000000000e+03 0.000000000000000000e+00 0.000000000000000000e+00
3.710000000000000000e+03 0.000000000000000000e+00 0.000000000000000000e+00
3.714000000000000000e+03 0.000000000000000000e+00 0.000000000000000000e+00
3.718000000000000000e+03 0.000000000000000000e+00 0.000000000000000000e+00
3.722000000000000000e+03 -1.261246483772993088e-02 -2.350236907758089522e-14
3.726000000000000000e+03 0.000000000000000000e+00 0.000000000000000000e+00
3.730000000000000000e+03 0.000000000000000000e+00 0.000000000000000000e+00
3.734000000000000000e+03 0.000000000000000000e+00 0.000000000000000000e+00
3.738000000000000000e+03 0.000000000000000000e+00 0.000000000000000000e+00
3.742000000000000000e+03 0.000000000000000000e+00 0.000000000000000000e+00
3.746000000000000000e+03 0.000000000000000000e+00 0.000000000000000000e+00
3.750000000000000000e+03 0.000000000000000000e+00 0.000000000000000000e+00
3.754000000000000000e+03 4.800819754600524902e-01 8.945962460399359273e-13
3.758000000000000000e+03 0.000000000000000000e+00 0.000000000000000000e+00
3.762000000000000000e+03 0.000000000000000000e+00 0.000000000000000000e+00
3.766000000000000000e+03 0.000000000000000000e+00 0.000000000000000000e+00
3.770000000000000000e+03 -3.542786464095115662e-02 -6.601713126901456730e-14
3.774000000000000000e+03 0.000000000000000000e+00 0.000000000000000000e+00
3.778000000000000000e+03 -1.769207417964935303e-02 -3.296783690227150787e-14
3.782000000000000000e+03 0.000000000000000000e+00 0.000000000000000000e+00
3.786000000000000000e+03 0.000000000000000000e+00 0.000000000000000000e+00
3.790000000000000000e+03 0.000000000000000000e+00 0.000000000000000000e+00
3.794000000000000000e+03 -1.268832758069038391e-02 -2.364373379427995442e-14
3.798000000000000000e+03 0.000000000000000000e+00 0.000000000000000000e+00
3.802000000000000000e+03 0.000000000000000000e+00 0.000000000000000000e+00
3.806000000000000000e+03 0.000000000000000000e+00 0.000000000000000000e+00
3.810000000000000000e+03 0.000000000000000000e+00 0.000000000000000000e+00
3.814000000000000000e+03 -1.975761353969573975e-02 -3.681681221283546190e-14
3.818000000000000000e+03 0.000000000000000000e+00 0.000000000000000000e+00
3.822000000000000000e+03 0.000000000000000000e+00 0.000000000000000000e+00
3.826000000000000000e+03 0.000000000000000000e+00 0.000000000000000000e+00
3.830000000000000000e+03 0.000000000000000000e+00 0.000000000000000000e+00
3.834000000000000000e+03 0.000000000000000000e+00 0.000000000000000000e+00
3.838000000000000000e+03 -4.814939945936203003e-02 -8.972274420822323737e-14
3.842000000000000000e+03 0.000000000000000000e+00 0.000000000000000000e+00
3.846000000000000000e+03 0.000000000000000000e+00 0.000000000000000000e+00
3.850000000000000000e+03 0.000000000000000000e+00 0.000000000000000000e+00
3.854000000000000000e+03 -1.261537242680788040e-02 -2.350778839437742823e-14
3.858000000000000000e+03 0.000000000000000000e+00 0.000000000000000000e+00
3.862000000000000000e+03 0.000000000000000000e+00 0.000000000000000000e+00
3.866000000000000000e+03 0.000000000000000000e+00 0.000000000000000000e+00
3.870000000000000000e+03 0.000000000000000000e+00 0.000000000000000000e+00
3.874000000000000000e+03 0.000000000000000000e+00 0.000000000000000000e+00
3.878000000000000000e+03 0.000000000000000000e+00 0.000000000000000000e+00
3.882000000000000000e+03 0.000000000000000000e+00 0.000000000000000000e+00
3.886000000000000000e+03 -1.780848577618598938e-02 -3.318475865193154517e-14
3.890000000000000000e+03 0.000000000000000000e+00 0.000000000000000000e+00
3.894000000000000000e+03 0.000000000000000000e+00 0.000000000000000000e+00
3.898000000000000000e+03 0.000000000000000000e+00 0.000000000000000000e+00
3.902000000000000000e+03 0.000000000000000000e+00 0.000000000000000000e+00
3.906000000000000000e+03 0.000000000000000000e+00 0.000000000000000000e+00
3.910000000000000000e+03 -1.780578307807445526e-02 -3.317972388809306561e-14
3.914000000000000000e+03 0.000000000000000000e+00 0.000000000000000000e+00
3.918000000000000000e+03 0.000000000000000000e+00 0.000000000000000000e+00
3.922000000000000000e+03 -1.771908625960350037e-02 -3.301817098812914741e-14
3.926000000000000000e+03 -1.767722703516483307e-02 -3.294016941808239340e-14
3.930000000000000000e+03 0.000000000000000000e+00 0.000000000000000000e+00
3.934000000000000000e+03 -1.761700399219989777e-02 -3.282794771696656566e-14
3.938000000000000000e+03 0.000000000000000000e+00 0.000000000000000000e+00
3.942000000000000000e+03 0.000000000000000000e+00 0.000000000000000000e+00
3.946000000000000000e+03 0.000000000000000000e+00 0.000000000000000000e+00
3.950000000000000000e+03 0.000000000000000000e+00 0.000000000000000000e+00
3.954000000000000000e+03 0.000000000000000000e+00 0.000000000000000000e+00
3.958000000000000000e+03 0.000000000000000000e+00 0.000000000000000000e+00
3.962000000000000000e+03 0.000000000000000000e+00 0.000000000000000000e+00
3.966000000000000000e+03 0.000000000000000000e+00 0.000000000000000000e+00
3.970000000000000000e+03 0.000000000000000000e+00 0.000000000000000000e+00
3.974000000000000000e+03 0.000000000000000000e+00 0.000000000000000000e+00
3.978000000000000000e+03 0.000000000000000000e+00 0.000000000000000000e+00
3.982000000000000000e+03 0.000000000000000000e+00 0.000000000000000000e+00
3.986000000000000000e+03 0.000000000000000000e+00 0.000000000000000000e+00
3.990000000000000000e+03 0.000000000000000000e+00 0.000000000000000000e+00
3.994000000000000000e+03 0.000000000000000000e+00 0.000000000000000000e+00
3.998000000000000000e+03 0.000000000000000000e+00 0.000000000000000000e+00
4.002000000000000000e+03 0.000000000000000000e+00 0.000000000000000000e+00
4.006000000000000000e+03 0.000000000000000000e+00 0.000000000000000000e+00
4.010000000000000000e+03 0.000000000000000000e+00 0.000000000000000000e+00
4.014000000000000000e+03 -3.551018610596656799e-02 -6.617053232389411010e-14
4.018000000000000000e+03 0.000000000000000000e+00 0.000000000000000000e+00
4.022000000000000000e+03 -1.261485833674669266e-02 -2.350682955308113636e-14
4.026000000000000000e+03 0.000000000000000000e+00 0.000000000000000000e+00
4.030000000000000000e+03 0.000000000000000000e+00 0.000000000000000000e+00
4.034000000000000000e+03 -1.257953792810440063e-02 -2.344101339901358272e-14
4.038000000000000000e+03 0.000000000000000000e+00 0.000000000000000000e+00
4.042000000000000000e+03 0.000000000000000000e+00 0.000000000000000000e+00
4.046000000000000000e+03 0.000000000000000000e+00 0.000000000000000000e+00
4.050000000000000000e+03 0.000000000000000000e+00 0.000000000000000000e+00
4.054000000000000000e+03 0.000000000000000000e+00 0.000000000000000000e+00
4.058000000000000000e+03 0.000000000000000000e+00 0.000000000000000000e+00
4.062000000000000000e+03 0.000000000000000000e+00 0.000000000000000000e+00
4.066000000000000000e+03 0.000000000000000000e+00 0.000000000000000000e+00
4.070000000000000000e+03 0.000000000000000000e+00 0.000000000000000000e+00
4.074000000000000000e+03 0.000000000000000000e+00 0.000000000000000000e+00
4.078000000000000000e+03 0.000000000000000000e+00 0.000000000000000000e+00
4.082000000000000000e+03 0.000000000000000000e+00 0.000000000000000000e+00
4.086000000000000000e+03 0.000000000000000000e+00 0.000000000000000000e+00
4.090000000000000000e+03 0.000000000000000000e+00 0.000000000000000000e+00
4.094000000000000000e+03 0.000000000000000000e+00 0.000000000000000000e+00
4.098000000000000000e+03 -3.522162884473800659e-02 -6.563282903271350222e-14
4.102000000000000000e+03 0.000000000000000000e+00 0.000000000000000000e+00
4.106000000000000000e+03 -1.262447237968444824e-02 -2.352474429991556482e-14
4.110000000000000000e+03 0.000000000000000000e+00 0.000000000000000000e+00
4.114000000000000000e+03 0.000000000000000000e+00 0.000000000000000000e+00
4.118000000000000000e+03 0.000000000000000000e+00 0.000000000000000000e+00
4.122000000000000000e+03 5.443059802055358887e-01 1.014272867083665375e-12
4.126000000000000000e+03 5.528894662857055664e-01 1.030267559633257779e-12
4.130000000000000000e+03 0.000000000000000000e+00 0.000000000000000000e+00
4.134000000000000000e+03 -1.260396651923656464e-02 -2.348653294959902882e-14
4.138000000000000000e+03 0.000000000000000000e+00 0.000000000000000000e+00
4.142000000000000000e+03 0.000000000000000000e+00 0.000000000000000000e+00
4.146000000000000000e+03 0.000000000000000000e+00 0.000000000000000000e+00
4.150000000000000000e+03 0.000000000000000000e+00 0.000000000000000000e+00
4.154000000000000000e+03 -1.770813018083572388e-02 -3.299775410596852976e-14
4.158000000000000000e+03 0.000000000000000000e+00 0.000000000000000000e+00
4.162000000000000000e+03 0.000000000000000000e+00 0.000000000000000000e+00
4.166000000000000000e+03 0.000000000000000000e+00 0.000000000000000000e+00
4.170000000000000000e+03 0.000000000000000000e+00 0.000000000000000000e+00
4.174000000000000000e+03 0.000000000000000000e+00 0.000000000000000000e+00
4.178000000000000000e+03 -1.265516038984060287e-02 -2.358192918825059714e-14
4.182000000000000000e+03 0.000000000000000000e+00 0.000000000000000000e+00
4.186000000000000000e+03 0.000000000000000000e+00 0.000000000000000000e+00
4.190000000000000000e+03 0.000000000000000000e+00 0.000000000000000000e+00
4.194000000000000000e+03 -1.262123882770538330e-02 -2.351872020159469223e-14
4.198000000000000000e+03 0.000000000000000000e+00 0.000000000000000000e+00
4.202000000000000000e+03 0.000000000000000000e+00 0.000000000000000000e+00
4.206000000000000000e+03 0.000000000000000000e+00 0.000000000000000000e+00
4.210000000000000000e+03 0.000000000000000000e+00 0.000000000000000000e+00
4.214000000000000000e+03 0.000000000000000000e+00 0.000000000000000000e+00
4.218000000000000000e+03 0.000000000000000000e+00 0.000000000000000000e+00
4.222000000000000000e+03 0.000000000000000000e+00 0.000000000000000000e+00
4.226000000000000000e+03 0.000000000000000000e+00 0.000000000000000000e+00
4.230000000000000000e+03 0.000000000000000000e+00 0.000000000000000000e+00
4.234000000000000000e+03 -1.260419562458992004e-02 -2.348695985420444499e-14
4.238000000000000000e+03 0.000000000000000000e+00 0.000000000000000000e+00
4.242000000000000000e+03 0.000000000000000000e+00 0.000000000000000000e+00
4.246000000000000000e+03 0.000000000000000000e+00 0.000000000000000000e+00
4.250000000000000000e+03 0.000000000000000000e+00 0.000000000000000000e+00
4.254000000000000000e+03 -1.790164411067962646e-02 -3.335835297227363050e-14
4.258000000000000000e+03 0.000000000000000000e+00 0.000000000000000000e+00
4.262000000000000000e+03 0.000000000000000000e+00 0.000000000000000000e+00
4.266000000000000000e+03 0.000000000000000000e+00 0.000000000000000000e+00
4.270000000000000000e+03 0.000000000000000000e+00 0.000000000000000000e+00
4.274000000000000000e+03 0.000000000000000000e+00 0.000000000000000000e+00
4.278000000000000000e+03 0.000000000000000000e+00 0.000000000000000000e+00
4.282000000000000000e+03 0.000000000000000000e+00 0.000000000000000000e+00
4.286000000000000000e+03 0.000000000000000000e+00 0.000000000000000000e+00
4.290000000000000000e+03 0.000000000000000000e+00 0.000000000000000000e+00
4.294000000000000000e+03 0.000000000000000000e+00 0.000000000000000000e+00
4.298000000000000000e+03 0.000000000000000000e+00 0.000000000000000000e+00
4.302000000000000000e+03 0.000000000000000000e+00 0.000000000000000000e+00
4.306000000000000000e+03 0.000000000000000000e+00 0.000000000000000000e+00
4.310000000000000000e+03 0.000000000000000000e+00 0.000000000000000000e+00
4.314000000000000000e+03 0.000000000000000000e+00 0.000000000000000000e+00
4.318000000000000000e+03 0.000000000000000000e+00 0.000000000000000000e+00
4.322000000000000000e+03 -1.963721774518489838e-02 -3.659246367829389890e-14
4.326000000000000000e+03 0.000000000000000000e+00 0.000000000000000000e+00
4.330000000000000000e+03 0.000000000000000000e+00 0.000000000000000000e+00
4.334000000000000000e+03 -1.783236116170883179e-02 -3.322925159858491906e-14
4.338000000000000000e+03 -1.807524077594280243e-02 -3.368183824296183682e-14
4.342000000000000000e+03 0.000000000000000000e+00 0.000000000000000000e+00
4.346000000000000000e+03 0.000000000000000000e+00 0.000000000000000000e+00
4.350000000000000000e+03 0.000000000000000000e+00 0.000000000000000000e+00
4.354000000000000000e+03 0.000000000000000000e+00 0.000000000000000000e+00
4.358000000000000000e+03 0.000000000000000000e+00 0.000000000000000000e+00
4.362000000000000000e+03 -1.261240988969802856e-02 -2.350226743362722470e-14
4.366000000000000000e+03 0.000000000000000000e+00 0.000000000000000000e+00
4.370000000000000000e+03 0.000000000000000000e+00 0.000000000000000000e+00
4.374000000000000000e+03 -1.776491291821002960e-02 -3.310356546173953696e-14
4.378000000000000000e+03 -1.772472448647022247e-02 -3.302867758480688976e-14
4.382000000000000000e+03 0.000000000000000000e+00 0.000000000000000000e+00
4.386000000000000000e+03 -1.768455281853675842e-02 -3.295382020106034371e-14
4.390000000000000000e+03 -2.521500550210475922e-02 -4.698624573185733455e-14
4.394000000000000000e+03 0.000000000000000000e+00 0.000000000000000000e+00
4.398000000000000000e+03 0.000000000000000000e+00 0.000000000000000000e+00
4.402000000000000000e+03 -1.760528236627578735e-02 -3.280610443132277176e-14
4.406000000000000000e+03 0.000000000000000000e+00 0.000000000000000000e+00
4.410000000000000000e+03 0.000000000000000000e+00 0.000000000000000000e+00
4.414000000000000000e+03 0.000000000000000000e+00 0.000000000000000000e+00
4.418000000000000000e+03 -3.028816729784011841e-02 -5.643969585309230319e-14
4.422000000000000000e+03 0.000000000000000000e+00 0.000000000000000000e+00
4.426000000000000000e+03 -1.263211667537689209e-02 -2.353898800595659313e-14
4.430000000000000000e+03 -1.752055995166301727e-02 -3.264823104248172625e-14
4.434000000000000000e+03 0.000000000000000000e+00 0.000000000000000000e+00
4.438000000000000000e+03 0.000000000000000000e+00 0.000000000000000000e+00
4.442000000000000000e+03 0.000000000000000000e+00 0.000000000000000000e+00
4.446000000000000000e+03 -1.760719902813434601e-02 -3.280967552222839589e-14
4.450000000000000000e+03 -1.259831059724092484e-02 -2.347599416566929081e-14
4.454000000000000000e+03 -1.759544946253299713e-02 -3.278778141460776674e-14
4.458000000000000000e+03 0.000000000000000000e+00 0.000000000000000000e+00
4.462000000000000000e+03 0.000000000000000000e+00 0.000000000000000000e+00
4.466000000000000000e+03 0.000000000000000000e+00 0.000000000000000000e+00
4.470000000000000000e+03 0.000000000000000000e+00 0.000000000000000000e+00
4.474000000000000000e+03 0.000000000000000000e+00 0.000000000000000000e+00
4.478000000000000000e+03 0.000000000000000000e+00 0.000000000000000000e+00
4.482000000000000000e+03 -1.782468333840370178e-02 -3.321494351803989942e-14
4.486000000000000000e+03 0.000000000000000000e+00 0.000000000000000000e+00
4.490000000000000000e+03 0.000000000000000000e+00 0.000000000000000000e+00
4.494000000000000000e+03 5.566950440406799316e-01 1.037358892362616469e-12
4.498000000000000000e+03 0.000000000000000000e+00 0.000000000000000000e+00
4.502000000000000000e+03 -1.774014905095100403e-02 -3.305741910677312267e-14
4.506000000000000000e+03 -1.263292785733938217e-02 -2.354050080680038931e-14
4.510000000000000000e+03 0.000000000000000000e+00 0.000000000000000000e+00
4.514000000000000000e+03 0.000000000000000000e+00 0.000000000000000000e+00
4.518000000000000000e+03 -1.261422969400882721e-02 -2.350565725948213641e-14
4.522000000000000000e+03 0.000000000000000000e+00 0.000000000000000000e+00
4.526000000000000000e+03 0.000000000000000000e+00 0.000000000000000000e+00
4.530000000000000000e+03 0.000000000000000000e+00 0.000000000000000000e+00
4.534000000000000000e+03 0.000000000000000000e+00 0.000000000000000000e+00
4.538000000000000000e+03 0.000000000000000000e+00 0.000000000000000000e+00
4.542000000000000000e+03 -1.263681054115295410e-02 -2.354773616223583554e-14
4.546000000000000000e+03 0.000000000000000000e+00 0.000000000000000000e+00
4.550000000000000000e+03 0.000000000000000000e+00 0.000000000000000000e+00
4.554000000000000000e+03 0.000000000000000000e+00 0.000000000000000000e+00
4.558000000000000000e+03 0.000000000000000000e+00 0.000000000000000000e+00
4.562000000000000000e+03 0.000000000000000000e+00 0.000000000000000000e+00
4.566000000000000000e+03 -1.264690421521663666e-02 -2.356654537586256454e-14
4.570000000000000000e+03 0.000000000000000000e+00 0.000000000000000000e+00
4.574000000000000000e+03 0.000000000000000000e+00 0.000000000000000000e+00
4.578000000000000000e+03 0.000000000000000000e+00 0.000000000000000000e+00
4.582000000000000000e+03 0.000000000000000000e+00 0.000000000000000000e+00
4.586000000000000000e+03 -1.763206347823143005e-02 -3.285600822444320612e-14
4.590000000000000000e+03 0.000000000000000000e+00 0.000000000000000000e+00
4.594000000000000000e+03 0.000000000000000000e+00 0.000000000000000000e+00
4.598000000000000000e+03 0.000000000000000000e+00 0.000000000000000000e+00
4.602000000000000000e+03 0.000000000000000000e+00 0.000000000000000000e+00
4.606000000000000000e+03 0.000000000000000000e+00 0.000000000000000000e+00
4.610000000000000000e+03 0.000000000000000000e+00 0.000000000000000000e+00
4.614000000000000000e+03 0.000000000000000000e+00 0.000000000000000000e+00
4.618000000000000000e+03 -3.525051847100257874e-02 -6.568665967057740751e-14
4.622000000000000000e+03 0.000000000000000000e+00 0.000000000000000000e+00
4.626000000000000000e+03 0.000000000000000000e+00 0.000000000000000000e+00
4.630000000000000000e+03 0.000000000000000000e+00 0.000000000000000000e+00
4.634000000000000000e+03 0.000000000000000000e+00 0.000000000000000000e+00
4.638000000000000000e+03 0.000000000000000000e+00 0.000000000000000000e+00
4.642000000000000000e+03 0.000000000000000000e+00 0.000000000000000000e+00
4.646000000000000000e+03 0.000000000000000000e+00 0.000000000000000000e+00
4.650000000000000000e+03 0.000000000000000000e+00 0.000000000000000000e+00
4.654000000000000000e+03 0.000000000000000000e+00 0.000000000000000000e+00
4.658000000000000000e+03 0.000000000000000000e+00 0.000000000000000000e+00
4.662000000000000000e+03 0.000000000000000000e+00 0.000000000000000000e+00
4.666000000000000000e+03 0.000000000000000000e+00 0.000000000000000000e+00
4.670000000000000000e+03 0.000000000000000000e+00 0.000000000000000000e+00
4.674000000000000000e+03 0.000000000000000000e+00 0.000000000000000000e+00
4.678000000000000000e+03 0.000000000000000000e+00 0.000000000000000000e+00
4.682000000000000000e+03 0.000000000000000000e+00 0.000000000000000000e+00
4.686000000000000000e+03 0.000000000000000000e+00 0.000000000000000000e+00
4.690000000000000000e+03 0.000000000000000000e+00 0.000000000000000000e+00
4.694000000000000000e+03 0.000000000000000000e+00 0.000000000000000000e+00
4.698000000000000000e+03 0.000000000000000000e+00 0.000000000000000000e+00
4.702000000000000000e+03 0.000000000000000000e+00 0.000000000000000000e+00
4.706000000000000000e+03 0.000000000000000000e+00 0.000000000000000000e+00
4.710000000000000000e+03 0.000000000000000000e+00 0.000000000000000000e+00
4.714000000000000000e+03 0.000000000000000000e+00 0.000000000000000000e+00
4.718000000000000000e+03 0.000000000000000000e+00 0.000000000000000000e+00
4.722000000000000000e+03 0.000000000000000000e+00 0.000000000000000000e+00
4.726000000000000000e+03 0.000000000000000000e+00 0.000000000000000000e+00
4.730000000000000000e+03 -4.788115248084068298e-02 -8.922288634912595162e-14
4.734000000000000000e+03 0.000000000000000000e+00 0.000000000000000000e+00
4.738000000000000000e+03 -1.263918820768594742e-02 -2.355216614454997553e-14
4.742000000000000000e+03 0.000000000000000000e+00 0.000000000000000000e+00
4.746000000000000000e+03 -1.785848662257194519e-02 -3.327793227612951821e-14
4.750000000000000000e+03 -1.944632455706596375e-02 -3.623674710989677195e-14
4.754000000000000000e+03 0.000000000000000000e+00 0.000000000000000000e+00
4.758000000000000000e+03 -1.783151179552078247e-02 -3.322766934103944803e-14
4.762000000000000000e+03 0.000000000000000000e+00 0.000000000000000000e+00
4.766000000000000000e+03 0.000000000000000000e+00 0.000000000000000000e+00
4.770000000000000000e+03 0.000000000000000000e+00 0.000000000000000000e+00
4.774000000000000000e+03 0.000000000000000000e+00 0.000000000000000000e+00
4.778000000000000000e+03 -1.781169325113296509e-02 -3.319073531640737151e-14
4.782000000000000000e+03 -2.518451958894729614e-02 -4.692943692615088314e-14
4.786000000000000000e+03 0.000000000000000000e+00 0.000000000000000000e+00
4.790000000000000000e+03 0.000000000000000000e+00 0.000000000000000000e+00
4.794000000000000000e+03 0.000000000000000000e+00 0.000000000000000000e+00
4.798000000000000000e+03 0.000000000000000000e+00 0.000000000000000000e+00
4.802000000000000000e+03 0.000000000000000000e+00 0.000000000000000000e+00
4.806000000000000000e+03 0.000000000000000000e+00 0.000000000000000000e+00
4.810000000000000000e+03 0.000000000000000000e+00 0.000000000000000000e+00
4.814000000000000000e+03 0.000000000000000000e+00 0.000000000000000000e+00
4.818000000000000000e+03 0.000000000000000000e+00 0.000000000000000000e+00
4.822000000000000000e+03 0.000000000000000000e+00 0.000000000000000000e+00
4.826000000000000000e+03 0.000000000000000000e+00 0.000000000000000000e+00
4.830000000000000000e+03 0.000000000000000000e+00 0.000000000000000000e+00
4.834000000000000000e+03 -3.033852390944957733e-02 -5.653353016298913458e-14
4.838000000000000000e+03 0.000000000000000000e+00 0.000000000000000000e+00
4.842000000000000000e+03 0.000000000000000000e+00 0.000000000000000000e+00
4.846000000000000000e+03 -1.777040958404541016e-02 -3.311380778413773596e-14
4.850000000000000000e+03 0.000000000000000000e+00 0.000000000000000000e+00
4.854000000000000000e+03 0.000000000000000000e+00 0.000000000000000000e+00
4.858000000000000000e+03 0.000000000000000000e+00 0.000000000000000000e+00
4.862000000000000000e+03 0.000000000000000000e+00 0.000000000000000000e+00
4.866000000000000000e+03 0.000000000000000000e+00 0.000000000000000000e+00
4.870000000000000000e+03 -1.768152043223381042e-02 -3.294817218536805203e-14
4.874000000000000000e+03 0.000000000000000000e+00 0.000000000000000000e+00
4.878000000000000000e+03 0.000000000000000000e+00 0.000000000000000000e+00
4.882000000000000000e+03 0.000000000000000000e+00 0.000000000000000000e+00
4.886000000000000000e+03 0.000000000000000000e+00 0.000000000000000000e+00
4.890000000000000000e+03 0.000000000000000000e+00 0.000000000000000000e+00
4.894000000000000000e+03 0.000000000000000000e+00 0.000000000000000000e+00
4.898000000000000000e+03 0.000000000000000000e+00 0.000000000000000000e+00
4.902000000000000000e+03 4.799913167953491211e-01 8.944272731313540614e-13
4.906000000000000000e+03 -1.264609396457672119e-02 -2.356503426908466287e-14
4.910000000000000000e+03 0.000000000000000000e+00 0.000000000000000000e+00
4.914000000000000000e+03 0.000000000000000000e+00 0.000000000000000000e+00
4.918000000000000000e+03 0.000000000000000000e+00 0.000000000000000000e+00
4.922000000000000000e+03 0.000000000000000000e+00 0.000000000000000000e+00
4.926000000000000000e+03 0.000000000000000000e+00 0.000000000000000000e+00
4.930000000000000000e+03 0.000000000000000000e+00 0.000000000000000000e+00
4.934000000000000000e+03 0.000000000000000000e+00 0.000000000000000000e+00
4.938000000000000000e+03 0.000000000000000000e+00 0.000000000000000000e+00
4.942000000000000000e+03 0.000000000000000000e+00 0.000000000000000000e+00
4.946000000000000000e+03 0.000000000000000000e+00 0.000000000000000000e+00
4.950000000000000000e+03 -3.038144670426845551e-02 -5.661351379013246365e-14
4.954000000000000000e+03 0.000000000000000000e+00 0.000000000000000000e+00
4.958000000000000000e+03 -1.784005761146545410e-02 -3.324359017231603985e-14
4.962000000000000000e+03 0.000000000000000000e+00 0.000000000000000000e+00
4.966000000000000000e+03 0.000000000000000000e+00 0.000000000000000000e+00
4.970000000000000000e+03 0.000000000000000000e+00 0.000000000000000000e+00
4.974000000000000000e+03 0.000000000000000000e+00 0.000000000000000000e+00
4.978000000000000000e+03 -3.011776506900787354e-02 -5.612216691808918911e-14
4.982000000000000000e+03 0.000000000000000000e+00 0.000000000000000000e+00
4.986000000000000000e+03 -1.267054025083780289e-02 -2.361058770098799914e-14
4.990000000000000000e+03 0.000000000000000000e+00 0.000000000000000000e+00
4.994000000000000000e+03 0.000000000000000000e+00 0.000000000000000000e+00
4.998000000000000000e+03 0.000000000000000000e+00 0.000000000000000000e+00
