2.000000000000000000e+00 5.068402290344238281e-01 9.488176303668049982e-13
6.000000000000000000e+00 0.000000000000000000e+00 0.000000000000000000e+00
1.000000000000000000e+01 -8.342459797859191895e-02 -1.561729397062464053e-13
1.400000000000000000e+01 0.000000000000000000e+00 0.000000000000000000e+00
1.800000000000000000e+01 -8.369488269090652466e-02 -1.566789233076182342e-13
2.200000000000000000e+01 0.000000000000000000e+00 0.000000000000000000e+00
2.600000000000000000e+01 0.000000000000000000e+00 0.000000000000000000e+00
3.000000000000000000e+01 6.729910373687744141e-01 1.259856151694660475e-12
3.400000000000000000e+01 0.000000000000000000e+00 0.000000000000000000e+00
3.800000000000000000e+01 0.000000000000000000e+00 0.000000000000000000e+00
4.200000000000000000e+01 4.267476797103881836e-01 7.988823903619379774e-13
4.600000000000000000e+01 6.603581309318542480e-01 1.236206991807320410e-12
5.000000000000000000e+01 6.325093507766723633e-01 1.184073347183789426e-12
5.400000000000000000e+01 2.061626434326171875e+00 3.859416258800152377e-12
5.800000000000000000e+01 6.914780139923095703e-01 1.294464210301049523e-12
6.200000000000000000e+01 -8.359618484973907471e-02 -1.564941617048995481e-13
6.600000000000000000e+01 1.959509968757629395e+00 3.668251900151853206e-12
7.000000000000000000e+01 2.735422611236572266e+00 5.120779668355002201e-12
7.400000000000000000e+01 6.235618591308593750e-01 1.167323399400843620e-12
7.800000000000000000e+01 1.964764118194580078e+00 3.678087782260641703e-12
8.200000000000000000e+01 6.305968165397644043e-01 1.180493094769807794e-12
8.600000000000000000e+01 6.238719224929809570e-01 1.167903881243992359e-12
9.000000000000000000e+01 5.121728181838989258e-01 9.588003134497480318e-13
9.400000000000000000e+01 -3.097283542156219482e-01 -5.798192329910245579e-13
9.800000000000000000e+01 2.448236227035522461e+00 4.583159372850698077e-12
1.020000000000000000e+02 0.000000000000000000e+00 0.000000000000000000e+00
1.060000000000000000e+02 6.697480082511901855e-01 1.253785161629827893e-12
1.100000000000000000e+02 -2.024579048156738281e-01 -3.790062881592337618e-13
1.140000000000000000e+02 4.184681177139282227e-01 7.833828529445197031e-13
1.180000000000000000e+02 0.000000000000000000e+00 0.000000000000000000e+00
1.220000000000000000e+02 2.005056858062744141e+00 3.753516594762196235e-12
1.260000000000000000e+02 7.263727188110351562e-01 1.359787933294387408e-12
1.300000000000000000e+02 6.675397157669067383e-01 1.249651098746140665e-12
1.340000000000000000e+02 1.867942094802856445e+00 3.496834332511467025e-12
1.380000000000000000e+02 1.217834711074829102e+00 2.279817177056053801e-12
1.420000000000000000e+02 1.923613548278808594e+00 3.601052615820332647e-12
1.460000000000000000e+02 0.000000000000000000e+00 0.000000000000000000e+00
1.500000000000000000e+02 1.090387940406799316e+00 2.041233718511059614e-12
1.540000000000000000e+02 0.000000000000000000e+00 0.000000000000000000e+00
1.580000000000000000e+02 1.318964481353759766e+00 2.469134705723741163e-12
1.620000000000000000e+02 0.000000000000000000e+00 0.000000000000000000e+00
1.660000000000000000e+02 6.241284608840942383e-01 1.168384074386186189e-12
1.700000000000000000e+02 6.656724214553833008e-01 1.246155414101612902e-12
1.740000000000000000e+02 -2.069422304630279541e-01 -3.874010487403545255e-13
1.780000000000000000e+02 4.148804545402526855e-01 7.766666541668409973e-13
1.820000000000000000e+02 -8.368532359600067139e-02 -1.566610339717722233e-13
1.860000000000000000e+02 0.000000000000000000e+00 0.000000000000000000e+00
1.900000000000000000e+02 6.241463422775268555e-01 1.168417684653533239e-12
1.940000000000000000e+02 0.000000000000000000e+00 0.000000000000000000e+00
1.980000000000000000e+02 6.250866651535034180e-01 1.170177995300780704e-12
2.020000000000000000e+02 0.000000000000000000e+00 0.000000000000000000e+00
2.060000000000000000e+02 6.783873438835144043e-01 1.269958097016576914e-12
2.100000000000000000e+02 0.000000000000000000e+00 0.000000000000000000e+00
2.140000000000000000e+02 6.244930624961853027e-01 1.169066688073983062e-12
2.180000000000000000e+02 5.474047064781188965e-01 1.024755367368124226e-12
2.220000000000000000e+02 5.929079055786132812e-01 1.109938421554879096e-12
2.260000000000000000e+02 0.000000000000000000e+00 0.000000000000000000e+00
2.300000000000000000e+02 0.000000000000000000e+00 0.000000000000000000e+00
2.340000000000000000e+02 0.000000000000000000e+00 0.000000000000000000e+00
2.380000000000000000e+02 0.000000000000000000e+00 0.000000000000000000e+00
