3.000000000000000000e+00 7.659540772438049316e-01 7.294531732121578571e-13
7.000000000000000000e+00 -2.227452099323272705e-01 -2.121304840769708266e-13
1.100000000000000000e+01 0.000000000000000000e+00 0.000000000000000000e+00
1.500000000000000000e+01 0.000000000000000000e+00 0.000000000000000000e+00
1.900000000000000000e+01 1.274463176727294922e+00 1.213729746048219926e-12
2.300000000000000000e+01 4.571367263793945312e+00 4.353522750633054272e-12
2.700000000000000000e+01 4.683785438537597656e+00 4.460583378357307893e-12
3.100000000000000000e+01 4.093325138092041016e+00 3.898261487916832024e-12
3.500000000000000000e+01 3.169286727905273438e+00 3.018257085235509507e-12
3.900000000000000000e+01 1.171091461181640625e+01 1.115284080366318875e-11
4.300000000000000000e+01 7.668941497802734375e+00 7.303484206300225878e-12
4.700000000000000000e+01 3.592669486999511719e+00 3.421463850086792213e-12
5.100000000000000000e+01 2.888563632965087891e+00 2.750911477777950864e-12
5.500000000000000000e+01 3.716073751449584961e+00 3.538987462456399946e-12
5.900000000000000000e+01 5.881818771362304688e+00 5.601525753656799722e-12
6.300000000000000000e+01 1.101164817810058594e+01 1.048689780847045228e-11
6.700000000000000000e+01 1.312324714660644531e+01 1.249786992646439998e-11
7.100000000000000000e+01 7.618368148803710938e+00 7.255321343713205806e-12
7.500000000000000000e+01 1.105059814453125000e+01 1.052399140055726434e-11
7.900000000000000000e+01 7.118030548095703125e+00 6.778826631970158445e-12
8.300000000000000000e+01 1.018370819091796875e+01 9.698412212211238170e-12
8.700000000000000000e+01 6.854266643524169922e+00 6.527632601116550859e-12
9.100000000000000000e+01 5.018234252929687500e+00 4.779094654738802461e-12
9.500000000000000000e+01 4.333381652832031250e+00 4.126878092730601466e-12
9.900000000000000000e+01 2.101750850677490234e+00 2.001593769201948092e-12
1.030000000000000000e+02 1.194806575775146484e+00 1.137869095821364418e-12
1.070000000000000000e+02 3.024813532829284668e-01 2.880668522730472914e-13
1.110000000000000000e+02 5.354408025741577148e-01 5.099248388991395320e-13
1.150000000000000000e+02 0.000000000000000000e+00 0.000000000000000000e+00
1.190000000000000000e+02 0.000000000000000000e+00 0.000000000000000000e+00
1.230000000000000000e+02 0.000000000000000000e+00 0.000000000000000000e+00
1.270000000000000000e+02 1.271051168441772461e+00 1.210480283717063621e-12
1.310000000000000000e+02 -2.762714326381683350e-01 -2.631059432822713262e-13
1.350000000000000000e+02 -2.768750786781311035e-01 -2.636808414842317649e-13
1.390000000000000000e+02 0.000000000000000000e+00 0.000000000000000000e+00
1.430000000000000000e+02 2.733702182769775391e+00 2.603429841499527164e-12
1.470000000000000000e+02 0.000000000000000000e+00 0.000000000000000000e+00
1.510000000000000000e+02 0.000000000000000000e+00 0.000000000000000000e+00
1.550000000000000000e+02 0.000000000000000000e+00 0.000000000000000000e+00
1.590000000000000000e+02 -1.851220428943634033e-02 -1.763002009734070813e-14
1.630000000000000000e+02 5.996322035789489746e-01 5.710572531340829538e-13
