2.000000000000000000e+00 -1.447860896587371826e-01 -1.372050395390470023e-13
6.000000000000000000e+00 -1.529264152050018311e-01 -1.449191244437542103e-13
1.000000000000000000e+01 -1.746973842382431030e-01 -1.655501636384920650e-13
1.400000000000000000e+01 -3.293094933032989502e-01 -3.120667515631864175e-13
1.800000000000000000e+01 -2.490546703338623047e-01 -2.360140891315837264e-13
2.200000000000000000e+01 -1.897136867046356201e-01 -1.797802087321470621e-13
2.600000000000000000e+01 -1.122938841581344604e-02 -1.064141382975912486e-14
3.000000000000000000e+01 -3.663716837763786316e-02 -3.471883357523096458e-14
3.400000000000000000e+01 -1.421761512756347656e-02 -1.347317541550412806e-14
3.800000000000000000e+01 -8.515150845050811768e-02 -8.069294608588697959e-14
4.200000000000000000e+01 -1.421664748340845108e-02 -1.347225892585519891e-14
4.600000000000000000e+01 0.000000000000000000e+00 0.000000000000000000e+00
5.000000000000000000e+01 -1.119281072169542313e-02 -1.060675070045863713e-14
5.400000000000000000e+01 -1.722852736711502075e-01 -1.632643537507680320e-13
5.800000000000000000e+01 -6.201815232634544373e-02 -5.877085927294412038e-14
6.200000000000000000e+01 1.814976215362548828e+00 1.719943415121050201e-12
6.600000000000000000e+01 -7.952094078063964844e-02 -7.535720094806186431e-14
7.000000000000000000e+01 1.525281071662902832e+00 1.445416811414468317e-12
7.400000000000000000e+01 -1.102507039904594421e-01 -1.044779361766487447e-13
7.800000000000000000e+01 -2.570610344409942627e-01 -2.436012275144200379e-13
8.200000000000000000e+01 -9.353320300579071045e-02 -8.863577054393431687e-14
8.600000000000000000e+01 -5.082073807716369629e-02 -4.815974889390596536e-14
9.000000000000000000e+01 -2.539949119091033936e-02 -2.406956605598489785e-14
9.400000000000000000e+01 -2.925222218036651611e-01 -2.772056672747935657e-13
9.800000000000000000e+01 1.961300730705261230e+00 1.858606367768911305e-12
1.020000000000000000e+02 -1.018110290169715881e-01 -9.648016977351070445e-14
1.060000000000000000e+02 -1.842092722654342651e-01 -1.745640172126292078e-13
1.100000000000000000e+02 -1.562944203615188599e-01 -1.481107852465898822e-13
1.140000000000000000e+02 -1.860181242227554321e-01 -1.762781543998559464e-13
1.180000000000000000e+02 -9.597211331129074097e-02 -9.094697786754882274e-14
1.220000000000000000e+02 -1.268016844987869263e-01 -1.201623029594214853e-13
1.260000000000000000e+02 -1.665876656770706177e-01 -1.578650811418988442e-13
1.300000000000000000e+02 -8.258092403411865234e-02 -7.825696064474654823e-14
1.340000000000000000e+02 -1.673492193222045898e-01 -1.585867532129595081e-13
1.380000000000000000e+02 -3.121384680271148682e-01 -2.957948014130351577e-13
1.420000000000000000e+02 -8.251490443944931030e-02 -7.819440217939413462e-14
1.460000000000000000e+02 -8.625794947147369385e-02 -8.174145767810697683e-14
1.500000000000000000e+02 -1.663687527179718018e-01 -1.576576326087208990e-13
1.540000000000000000e+02 1.806222200393676758e+00 1.711647750618494612e-12
1.580000000000000000e+02 -8.208775520324707031e-02 -7.778960852203309351e-14
1.620000000000000000e+02 1.643244862556457520e+00 1.557204018509672494e-12
1.660000000000000000e+02 -1.118411123752593994e-02 -1.059850822284890554e-14
1.700000000000000000e+02 -7.045609503984451294e-02 -6.676698582029627627e-14
1.740000000000000000e+02 -1.113874241709709167e-01 -1.055551384688581396e-13
1.780000000000000000e+02 0.000000000000000000e+00 0.000000000000000000e+00
1.820000000000000000e+02 1.928777098655700684e+00 1.827785752611665870e-12
1.860000000000000000e+02 -8.320939540863037109e-02 -7.885252645061999188e-14
1.900000000000000000e+02 -1.424606982618570328e-02 -1.350014070937996871e-14
1.940000000000000000e+02 -2.261118441820144653e-01 -2.142725423091504378e-13
1.980000000000000000e+02 -9.749251604080200195e-02 -9.238777413456480958e-14
2.020000000000000000e+02 -2.571634054183959961e-01 -2.436982365038031784e-13
2.060000000000000000e+02 -2.542511373758316040e-02 -2.409384540838499511e-14
2.100000000000000000e+02 1.727500796318054199e+00 1.637048352778891491e-12
2.140000000000000000e+02 -2.633019089698791504e-01 -2.495153335248939674e-13
2.180000000000000000e+02 0.000000000000000000e+00 0.000000000000000000e+00
2.220000000000000000e+02 -2.424186766147613525e-01 -2.297255539008419278e-13
2.260000000000000000e+02 -1.516280621290206909e-01 -1.436887582658905038e-13
2.300000000000000000e+02 -1.037930697202682495e-01 -9.835842806459743626e-14
2.340000000000000000e+02 -9.435565769672393799e-02 -8.941516282815267780e-14
2.380000000000000000e+02 -1.122799888253211975e-01 -1.064009720174591278e-13
2.420000000000000000e+02 1.618975400924682617e+00 1.534205271505606483e-12
2.460000000000000000e+02 1.636038899421691895e+00 1.550375387966707041e-12
2.500000000000000000e+02 -1.447807848453521729e-01 -1.372000115514721008e-13
2.540000000000000000e+02 -1.030274778604507446e-01 -9.763292062835160490e-14
2.580000000000000000e+02 -1.163002178072929382e-01 -1.102106958212473176e-13
2.620000000000000000e+02 -2.199165523052215576e-01 -2.084016417552500555e-13
2.660000000000000000e+02 1.957680583000183105e+00 1.855175735254732672e-12
2.700000000000000000e+02 1.375649333000183105e+00 1.303619863966820613e-12
2.740000000000000000e+02 1.037189245223999023e+00 9.828817447432580678e-13
2.780000000000000000e+02 -2.251716256141662598e-01 -2.133815720688561623e-13
2.820000000000000000e+02 -2.180977761745452881e-01 -2.066780991141770052e-13
2.860000000000000000e+02 -1.288914680480957031e-01 -1.221426659901020395e-13
2.900000000000000000e+02 -2.151327282190322876e-01 -2.038682943164907280e-13
2.940000000000000000e+02 2.058306932449340820e+00 1.950533267888743261e-12
2.980000000000000000e+02 1.861661195755004883e+00 1.764184067928886712e-12
3.020000000000000000e+02 9.159637093544006348e-01 8.680035314644063416e-13
3.060000000000000000e+02 -1.896408349275588989e-01 -1.797111721588140476e-13
3.100000000000000000e+02 1.893943667411804199e+00 1.794776133268172202e-12
3.140000000000000000e+02 -2.231472544372081757e-02 -2.114631813567285218e-14
3.180000000000000000e+02 -1.642172634601593018e-01 -1.556187904233619079e-13
3.220000000000000000e+02 -1.421201322227716446e-02 -1.346786706002368536e-14
3.260000000000000000e+02 -1.119244378060102463e-02 -1.060640341695026287e-14
3.300000000000000000e+02 -9.797288477420806885e-02 -9.284298996921000469e-14
3.340000000000000000e+02 -5.381417274475097656e-02 -5.099644529360167211e-14
3.380000000000000000e+02 -1.204821467399597168e-01 -1.141736580495891773e-13
3.420000000000000000e+02 1.859727501869201660e+00 1.762351440996734464e-12
3.460000000000000000e+02 -1.118106208741664886e-02 -1.059561729939992661e-14
3.500000000000000000e+02 -3.954083845019340515e-02 -3.747046753823160548e-14
3.540000000000000000e+02 1.298150181770324707e+00 1.230178610887866508e-12
3.580000000000000000e+02 -1.385672986507415771e-01 -1.313118586305020430e-13
3.620000000000000000e+02 1.129011988639831543e+00 1.069896558500427197e-12
3.660000000000000000e+02 -1.583112925291061401e-01 -1.500220574938287976e-13
3.700000000000000000e+02 1.438407182693481445e+00 1.363091714154385237e-12
3.740000000000000000e+02 1.703557252883911133e+00 1.614358494973766600e-12
3.780000000000000000e+02 -1.965997517108917236e-01 -1.863057234527398798e-13
3.820000000000000000e+02 1.286235928535461426e+00 1.218888163144471459e-12
3.860000000000000000e+02 0.000000000000000000e+00 0.000000000000000000e+00
3.900000000000000000e+02 0.000000000000000000e+00 0.000000000000000000e+00
3.940000000000000000e+02 -2.232068330049514771e-01 -2.115196445729924934e-13
3.980000000000000000e+02 -8.548882603645324707e-02 -8.101259599139001844e-14
4.020000000000000000e+02 -1.299333274364471436e-01 -1.231299675934216520e-13
4.060000000000000000e+02 1.089138746261596680e+00 1.032111028587134882e-12
4.100000000000000000e+02 1.826192975044250488e+00 1.730572933220098086e-12
4.140000000000000000e+02 -2.841154672205448151e-02 -2.692390784603780618e-14
4.180000000000000000e+02 -1.782938987016677856e-01 -1.689583667202274042e-13
4.220000000000000000e+02 3.710130691528320312e+00 3.515866851128146564e-12
4.260000000000000000e+02 -1.961055248975753784e-01 -1.858373752192804540e-13
4.300000000000000000e+02 -1.117076259106397629e-02 -1.058585778578166256e-14
4.340000000000000000e+02 1.784814476966857910e+00 1.691360918508466593e-12
4.380000000000000000e+02 1.842649579048156738e+00 1.746167880428695085e-12
4.420000000000000000e+02 1.074234008789062500e+00 1.017986801625514470e-12
4.460000000000000000e+02 1.009098052978515625e+00 9.562613288022214775e-13
4.500000000000000000e+02 -1.411204338073730469e-01 -1.337313235410392265e-13
4.540000000000000000e+02 -2.539409324526786804e-02 -2.406445167104937638e-14
4.580000000000000000e+02 -1.980248987674713135e-01 -1.876562463363692923e-13
4.620000000000000000e+02 -1.091705188155174255e-01 -1.034543138005508678e-13
4.660000000000000000e+02 1.243432044982910156e+00 1.178325557786574773e-12
4.700000000000000000e+02 1.891431689262390137e+00 1.792395658978263029e-12
4.740000000000000000e+02 -2.421726137399673462e-01 -2.294923691185946080e-13
4.780000000000000000e+02 1.855030655860900879e+00 1.757900574238246971e-12
4.820000000000000000e+02 -1.119141280651092529e-02 -1.060542594092913141e-14
4.860000000000000000e+02 -8.559247106313705444e-02 -8.111081793195362710e-14
4.900000000000000000e+02 -2.502579987049102783e-01 -2.371543987664953557e-13
4.940000000000000000e+02 -2.546114102005958557e-02 -2.412798761242292145e-14
4.980000000000000000e+02 -2.540461160242557526e-02 -2.407441786070677048e-14
5.020000000000000000e+02 4.041146755218505859e+00 3.829550825756866672e-12
5.060000000000000000e+02 -1.716483086347579956e-01 -1.626607512962910396e-13
5.100000000000000000e+02 -2.248276472091674805e-01 -2.130555931331712394e-13
5.140000000000000000e+02 8.557230234146118164e-01 8.109170344765270766e-13
5.180000000000000000e+02 -2.542039379477500916e-02 -2.408937307442349240e-14
5.220000000000000000e+02 1.812953948974609375e+00 1.718027087781182072e-12
5.260000000000000000e+02 1.448445439338684082e+00 1.372604395595555804e-12
5.300000000000000000e+02 0.000000000000000000e+00 0.000000000000000000e+00
5.340000000000000000e+02 1.666392445564270020e+00 1.579139596863399220e-12
5.380000000000000000e+02 -1.097017973661422729e-01 -1.039577766318716678e-13
5.420000000000000000e+02 1.736196637153625488e+00 1.645288831390867568e-12
5.460000000000000000e+02 1.821066737174987793e+00 1.725715165386276784e-12
5.500000000000000000e+02 -1.022913455963134766e-01 -9.693533817431085331e-14
5.540000000000000000e+02 -2.238384447991847992e-02 -2.121181749941813272e-14
5.580000000000000000e+02 -1.805933266878128052e-01 -1.711374097990159271e-13
5.620000000000000000e+02 -1.013577505946159363e-01 -9.605062242529910366e-14
5.660000000000000000e+02 -1.000047773122787476e-01 -9.476849236996279235e-14
5.700000000000000000e+02 -1.593466103076934814e-01 -1.510031655922380867e-13
5.740000000000000000e+02 -5.071183294057846069e-02 -4.805654639961250141e-14
5.780000000000000000e+02 -3.015437722206115723e-01 -2.857548453503305774e-13
5.820000000000000000e+02 1.139079928398132324e+00 1.079437320777865139e-12
5.860000000000000000e+02 1.732174515724182129e+00 1.641477210233277528e-12
5.900000000000000000e+02 -2.233862690627574921e-02 -2.116896949074832668e-14
5.940000000000000000e+02 -2.359461784362792969e-01 -2.235919511605483079e-13
5.980000000000000000e+02 -1.083835959434509277e-01 -1.027085927700517598e-13
6.020000000000000000e+02 -1.836461126804351807e-01 -1.740303457982775304e-13
6.060000000000000000e+02 -2.238414436578750610e-02 -2.121210379655430467e-14
6.100000000000000000e+02 -1.639926284551620483e-01 -1.554059208793215352e-13
6.140000000000000000e+02 -1.252414137125015259e-01 -1.186837357992215347e-13
6.180000000000000000e+02 -7.092984020709991455e-02 -6.721593361113178955e-14
6.220000000000000000e+02 -1.233782768249511719e-01 -1.169181532189103589e-13
6.260000000000000000e+02 3.372793912887573242e+00 3.196193310017747535e-12
6.300000000000000000e+02 1.783716082572937012e+00 1.690320084422880509e-12
6.340000000000000000e+02 0.000000000000000000e+00 0.000000000000000000e+00
6.380000000000000000e+02 1.035280108451843262e+00 9.810724281578142580e-13
6.420000000000000000e+02 -8.729720115661621094e-02 -8.272629272148418478e-14
6.460000000000000000e+02 -1.821277886629104614e-01 -1.725915146476991735e-13
6.500000000000000000e+02 -9.889766573905944824e-02 -9.371935058523003792e-14
6.540000000000000000e+02 1.879182577133178711e+00 1.780787973679198721e-12
6.580000000000000000e+02 1.796512246131896973e+00 1.702446235200827385e-12
6.620000000000000000e+02 -2.772305011749267578e-01 -2.627146276131669955e-13
6.660000000000000000e+02 8.308991193771362305e-01 7.873929915198918383e-13
6.700000000000000000e+02 -1.694696396589279175e-01 -1.605961593093355178e-13
6.740000000000000000e+02 -5.381160229444503784e-02 -5.099400922684536874e-14
6.780000000000000000e+02 -1.737127900123596191e-01 -1.646171399064325080e-13
6.820000000000000000e+02 -2.338812053203582764e-01 -2.216351153170106891e-13
6.860000000000000000e+02 -1.659214347600936890e-01 -1.572337366643333789e-13
6.900000000000000000e+02 -1.262395232915878296e-01 -1.196295802219707327e-13
6.940000000000000000e+02 -5.383128672838211060e-02 -5.101266428047569745e-14
6.980000000000000000e+02 -5.080030858516693115e-02 -4.814038910886352107e-14
7.020000000000000000e+02 -1.159394532442092896e-01 -1.098688265474719039e-13
7.060000000000000000e+02 -2.117595523595809937e-01 -2.006717546038788713e-13
7.100000000000000000e+02 -2.881327867507934570e-01 -2.730460443248899916e-13
7.140000000000000000e+02 -1.849276423454284668e-01 -1.752447606516785439e-13
7.180000000000000000e+02 1.752701044082641602e+00 1.660928989830057212e-12
7.220000000000000000e+02 -1.219369918107986450e-01 -1.155523295321217447e-13
7.260000000000000000e+02 -1.838855445384979248e-01 -1.742572286553972782e-13
7.300000000000000000e+02 -9.578378498554229736e-02 -9.076851818995770871e-14
7.340000000000000000e+02 1.736376643180847168e+00 1.645459376392599538e-12
7.380000000000000000e+02 -9.038120508193969727e-02 -8.564881388752748625e-14
7.420000000000000000e+02 -1.013839244842529297e-01 -9.607543032625828761e-14
7.460000000000000000e+02 -6.495381891727447510e-02 -6.155282040358825424e-14
7.500000000000000000e+02 -1.014741808176040649e-01 -9.616095354887665980e-14
7.540000000000000000e+02 1.275290489196777344e+00 1.208515817800737135e-12
7.580000000000000000e+02 -9.361542761325836182e-02 -8.871369079881813446e-14
7.620000000000000000e+02 -2.552079856395721436e-01 -2.418452265708082027e-13
7.660000000000000000e+02 -5.892447009682655334e-02 -5.583916643414794934e-14
7.700000000000000000e+02 -4.057206511497497559e-01 -3.844769825862154322e-13
7.740000000000000000e+02 -2.689667642116546631e-01 -2.548835708465757577e-13
7.780000000000000000e+02 -6.205952912569046021e-02 -5.881007351027020547e-14
7.820000000000000000e+02 1.697829723358154297e+00 1.608930762057869668e-12
7.860000000000000000e+02 -2.156660258769989014e-01 -2.043736816066676898e-13
7.900000000000000000e+02 -2.866986691951751709e-01 -2.716870511117880360e-13
7.940000000000000000e+02 -3.382562100887298584e-01 -3.205449957115885651e-13
7.980000000000000000e+02 -1.366886049509048462e-01 -1.295315444531722204e-13
8.020000000000000000e+02 -1.321499645709991455e-01 -1.252305415399765365e-13
8.060000000000000000e+02 -4.015379548072814941e-01 -3.805133020739343008e-13
8.100000000000000000e+02 -2.337830513715744019e-01 -2.215420907706114328e-13
8.140000000000000000e+02 1.121245861053466797e+00 1.062537102573812842e-12
8.180000000000000000e+02 1.248319625854492188e+00 1.182957161047215600e-12
8.220000000000000000e+02 -1.231069564819335938e-01 -1.166610346737054216e-13
8.260000000000000000e+02 -1.850986480712890625e-01 -1.754068217714108147e-13
8.300000000000000000e+02 -1.255140006542205811e-01 -1.189420469668162061e-13
8.340000000000000000e+02 -1.303698122501373291e-01 -1.235436042747520280e-13
8.380000000000000000e+02 -2.335137873888015747e-01 -2.212869373418441254e-13
8.420000000000000000e+02 -2.296639233827590942e-01 -2.176386512415390273e-13
8.460000000000000000e+02 -7.930984348058700562e-02 -7.515715209471113267e-14
8.500000000000000000e+02 -1.866927593946456909e-01 -1.769174542108620241e-13
8.540000000000000000e+02 -3.652257844805717468e-02 -3.461024395139296328e-14
8.580000000000000000e+02 -1.993668377399444580e-01 -1.889279341695318526e-13
8.620000000000000000e+02 -8.732040971517562866e-02 -8.274828847305848445e-14
8.660000000000000000e+02 -1.706127822399139404e-01 -1.616794399099744095e-13
8.700000000000000000e+02 1.997671365737915039e+00 1.893072721151356497e-12
8.740000000000000000e+02 -1.921160519123077393e-01 -1.820567893488778122e-13
8.780000000000000000e+02 -2.563551664352416992e-01 -2.429323289841051059e-13
8.820000000000000000e+02 -6.201847642660140991e-02 -5.877116420480513193e-14
8.860000000000000000e+02 -3.473474085330963135e-01 -3.291601745943756319e-13
8.900000000000000000e+02 0.000000000000000000e+00 0.000000000000000000e+00
8.940000000000000000e+02 -2.539523690938949585e-02 -2.406553417915596738e-14
8.980000000000000000e+02 -2.742188572883605957e-01 -2.598606551294790901e-13
9.020000000000000000e+02 -1.374174356460571289e-01 -1.302222218946269550e-13
9.060000000000000000e+02 -2.376283854246139526e-01 -2.251860807198080572e-13
9.100000000000000000e+02 -1.792506128549575806e-01 -1.698649901293869391e-13
9.140000000000000000e+02 -1.991128176450729370e-01 -1.886872141821857585e-13
9.180000000000000000e+02 1.370257139205932617e+00 1.298510019127896431e-12
9.220000000000000000e+02 -1.230840533971786499e-01 -1.166393235252013993e-13
9.260000000000000000e+02 -9.727102518081665039e-02 -9.217787937023519396e-14
9.300000000000000000e+02 -2.978905737400054932e-01 -2.822929064984214254e-13
9.340000000000000000e+02 -1.262848973274230957e-01 -1.196725823906369390e-13
9.380000000000000000e+02 -1.323658078908920288e-01 -1.254350898323430830e-13
9.420000000000000000e+02 -2.108138352632522583e-01 -1.997755530881023533e-13
9.460000000000000000e+02 1.363740086555480957e+00 1.292334295133201749e-12
9.500000000000000000e+02 -1.910306662321090698e-01 -1.810282338528951263e-13
9.540000000000000000e+02 -1.533090770244598389e-01 -1.452817629653962994e-13
9.580000000000000000e+02 -2.556574940681457520e-01 -2.422711824993234453e-13
9.620000000000000000e+02 -1.421958953142166138e-02 -1.347504651128461281e-14
9.660000000000000000e+02 -2.486944198608398438e-01 -2.356727009725223532e-13
9.700000000000000000e+02 1.884660005569458008e+00 1.785978483159755825e-12
9.740000000000000000e+02 -1.720596849918365479e-01 -1.630505761874082027e-13
9.780000000000000000e+02 -2.592535912990570068e-01 -2.456789925577712586e-13
9.820000000000000000e+02 -1.478068977594375610e-01 -1.400676856401147918e-13
9.860000000000000000e+02 -4.924027621746063232e-01 -4.666203946672442537e-13
9.900000000000000000e+02 9.466577172279357910e-01 8.970903989276302060e-13
9.940000000000000000e+02 -1.329640150070190430e-01 -1.260019784907542850e-13
9.980000000000000000e+02 -3.562632203102111816e-01 -3.376091723891749830e-13
