2.000000000000000000e+00 -6.781701743602752686e-02 -5.906634502252788854e-14
6.000000000000000000e+00 8.475590944290161133e-01 7.381955290097774736e-13
1.000000000000000000e+01 0.000000000000000000e+00 0.000000000000000000e+00
1.400000000000000000e+01 -1.020190045237541199e-01 -8.885512497221886852e-14
1.800000000000000000e+01 -1.024907901883125305e-01 -8.926604437185445273e-14
2.200000000000000000e+01 0.000000000000000000e+00 0.000000000000000000e+00
2.600000000000000000e+01 0.000000000000000000e+00 0.000000000000000000e+00
3.000000000000000000e+01 6.830579638481140137e-01 5.949205971605975307e-13
3.400000000000000000e+01 -1.021571978926658630e-01 -8.897549174215549361e-14
3.800000000000000000e+01 0.000000000000000000e+00 0.000000000000000000e+00
4.200000000000000000e+01 0.000000000000000000e+00 0.000000000000000000e+00
4.600000000000000000e+01 0.000000000000000000e+00 0.000000000000000000e+00
5.000000000000000000e+01 0.000000000000000000e+00 0.000000000000000000e+00
5.400000000000000000e+01 -6.746855378150939941e-02 -5.876284295313130568e-14
5.800000000000000000e+01 0.000000000000000000e+00 0.000000000000000000e+00
6.200000000000000000e+01 -1.033074110746383667e-01 -8.997729454953209971e-14
6.600000000000000000e+01 6.428188681602478027e-01 5.598736535147863513e-13
7.000000000000000000e+01 6.439926624298095703e-01 5.608960019533315577e-13
7.400000000000000000e+01 -1.010794490575790405e-01 -8.803680983000827798e-14
7.800000000000000000e+01 0.000000000000000000e+00 0.000000000000000000e+00
8.200000000000000000e+01 0.000000000000000000e+00 0.000000000000000000e+00
8.600000000000000000e+01 0.000000000000000000e+00 0.000000000000000000e+00
9.000000000000000000e+01 0.000000000000000000e+00 0.000000000000000000e+00
9.400000000000000000e+01 -1.022250130772590637e-01 -8.903456043176521950e-14
9.800000000000000000e+01 0.000000000000000000e+00 0.000000000000000000e+00
1.020000000000000000e+02 0.000000000000000000e+00 0.000000000000000000e+00
1.060000000000000000e+02 1.562401533126831055e+00 1.360799385501099135e-12
1.100000000000000000e+02 0.000000000000000000e+00 0.000000000000000000e+00
1.140000000000000000e+02 6.463867425918579102e-01 5.629811395714556799e-13
1.180000000000000000e+02 6.425996422767639160e-01 5.596827255122116540e-13
1.220000000000000000e+02 -1.680321842432022095e-01 -1.463504068367066369e-13
1.260000000000000000e+02 0.000000000000000000e+00 0.000000000000000000e+00
1.300000000000000000e+02 0.000000000000000000e+00 0.000000000000000000e+00
1.340000000000000000e+02 0.000000000000000000e+00 0.000000000000000000e+00
1.380000000000000000e+02 7.864693999290466309e-01 6.849884700253772163e-13
1.420000000000000000e+02 0.000000000000000000e+00 0.000000000000000000e+00
1.460000000000000000e+02 -6.752222031354904175e-02 -5.880959239555616502e-14
1.500000000000000000e+02 7.862743139266967773e-01 6.848185755449487377e-13
1.540000000000000000e+02 0.000000000000000000e+00 0.000000000000000000e+00
1.580000000000000000e+02 -1.019443124532699585e-01 -8.879007961813331629e-14
1.620000000000000000e+02 -6.749097257852554321e-02 -5.878237214476320083e-14
1.660000000000000000e+02 -1.707359850406646729e-01 -1.487053210603994646e-13
1.700000000000000000e+02 0.000000000000000000e+00 0.000000000000000000e+00
1.740000000000000000e+02 7.931196689605712891e-01 6.907806032914465266e-13
1.780000000000000000e+02 7.936615943908691406e-01 6.912526107072380910e-13
1.820000000000000000e+02 0.000000000000000000e+00 0.000000000000000000e+00
1.860000000000000000e+02 -6.735686212778091431e-02 -5.866556968946862183e-14
1.900000000000000000e+02 0.000000000000000000e+00 0.000000000000000000e+00
1.940000000000000000e+02 -1.018450707197189331e-01 -8.870364159993190944e-14
1.980000000000000000e+02 0.000000000000000000e+00 0.000000000000000000e+00
2.020000000000000000e+02 -6.739699095487594604e-02 -5.870051488074054524e-14
2.060000000000000000e+02 0.000000000000000000e+00 0.000000000000000000e+00
2.100000000000000000e+02 0.000000000000000000e+00 0.000000000000000000e+00
2.140000000000000000e+02 7.840966582298278809e-01 6.829219264745112206e-13
2.180000000000000000e+02 0.000000000000000000e+00 0.000000000000000000e+00
2.220000000000000000e+02 -6.781717389822006226e-02 -5.906648732406302726e-14
2.260000000000000000e+02 7.804858088493347168e-01 6.797769812327825178e-13
2.300000000000000000e+02 0.000000000000000000e+00 0.000000000000000000e+00
2.340000000000000000e+02 0.000000000000000000e+00 0.000000000000000000e+00
2.380000000000000000e+02 -1.018204614520072937e-01 -8.868220150197100859e-14
2.420000000000000000e+02 0.000000000000000000e+00 0.000000000000000000e+00
2.460000000000000000e+02 0.000000000000000000e+00 0.000000000000000000e+00
2.500000000000000000e+02 0.000000000000000000e+00 0.000000000000000000e+00
2.540000000000000000e+02 0.000000000000000000e+00 0.000000000000000000e+00
2.580000000000000000e+02 0.000000000000000000e+00 0.000000000000000000e+00
2.620000000000000000e+02 0.000000000000000000e+00 0.000000000000000000e+00
2.660000000000000000e+02 7.836352586746215820e-01 6.825200127291708441e-13
2.700000000000000000e+02 0.000000000000000000e+00 0.000000000000000000e+00
2.740000000000000000e+02 0.000000000000000000e+00 0.000000000000000000e+00
2.780000000000000000e+02 0.000000000000000000e+00 0.000000000000000000e+00
2.820000000000000000e+02 -6.755807250738143921e-02 -5.884081741812374755e-14
2.860000000000000000e+02 0.000000000000000000e+00 0.000000000000000000e+00
2.900000000000000000e+02 0.000000000000000000e+00 0.000000000000000000e+00
2.940000000000000000e+02 -6.751369684934616089e-02 -5.880216561067463932e-14
2.980000000000000000e+02 7.860421538352966309e-01 6.846163176296715669e-13
3.020000000000000000e+02 0.000000000000000000e+00 0.000000000000000000e+00
3.060000000000000000e+02 -2.039285898208618164e-01 -1.776149621260034173e-13
3.100000000000000000e+02 0.000000000000000000e+00 0.000000000000000000e+00
3.140000000000000000e+02 0.000000000000000000e+00 0.000000000000000000e+00
3.180000000000000000e+02 0.000000000000000000e+00 0.000000000000000000e+00
3.220000000000000000e+02 0.000000000000000000e+00 0.000000000000000000e+00
3.260000000000000000e+02 -1.004130467772483826e-01 -8.745639574949531925e-14
3.300000000000000000e+02 0.000000000000000000e+00 0.000000000000000000e+00
3.340000000000000000e+02 7.251585125923156738e-01 6.315887483149262849e-13
3.380000000000000000e+02 1.435492277145385742e+00 1.250265624537505449e-12
3.420000000000000000e+02 0.000000000000000000e+00 0.000000000000000000e+00
3.460000000000000000e+02 0.000000000000000000e+00 0.000000000000000000e+00
3.500000000000000000e+02 -2.052719891071319580e-01 -1.787850195580226176e-13
3.540000000000000000e+02 1.580178141593933105e+00 1.376282226205061132e-12
3.580000000000000000e+02 6.446539759635925293e-01 5.614719843574644820e-13
3.620000000000000000e+02 2.387653827667236328e+00 2.079566336840588114e-12
3.660000000000000000e+02 6.422633528709411621e-01 5.593898282953146950e-13
3.700000000000000000e+02 1.936918616294860840e+00 1.686991150072481016e-12
3.740000000000000000e+02 1.331798553466796875e+00 1.159951908830114675e-12
3.780000000000000000e+02 2.884487152099609375e+00 2.512291373199526667e-12
3.820000000000000000e+02 2.231319427490234375e+00 1.943404421764216572e-12
3.860000000000000000e+02 -1.028325408697128296e-01 -8.956369174951961387e-14
3.900000000000000000e+02 2.372239112854003906e+00 2.066140661338700113e-12
3.940000000000000000e+02 3.780467033386230469e+00 3.292659981474210795e-12
3.980000000000000000e+02 1.365298271179199219e+00 1.189128981914089334e-12
4.020000000000000000e+02 0.000000000000000000e+00 0.000000000000000000e+00
4.060000000000000000e+02 1.594115018844604492e+00 1.388420736887774343e-12
4.100000000000000000e+02 2.166959762573242188e+00 1.887349217882805519e-12
4.140000000000000000e+02 7.825607061386108398e-01 6.815841294138813566e-13
4.180000000000000000e+02 1.508451938629150391e+00 1.313811039127532609e-12
4.220000000000000000e+02 3.006196260452270508e+00 2.618295988007779407e-12
4.260000000000000000e+02 7.535950541496276855e-01 6.563559916926420268e-13
4.300000000000000000e+02 0.000000000000000000e+00 0.000000000000000000e+00
4.340000000000000000e+02 0.000000000000000000e+00 0.000000000000000000e+00
4.380000000000000000e+02 0.000000000000000000e+00 0.000000000000000000e+00
4.420000000000000000e+02 0.000000000000000000e+00 0.000000000000000000e+00
4.460000000000000000e+02 1.575170397758483887e+00 1.371920480865151948e-12
4.500000000000000000e+02 6.450003981590270996e-01 5.617736636119585736e-13
4.540000000000000000e+02 7.874115109443664551e-01 6.858089942295142460e-13
4.580000000000000000e+02 0.000000000000000000e+00 0.000000000000000000e+00
4.620000000000000000e+02 0.000000000000000000e+00 0.000000000000000000e+00
4.660000000000000000e+02 0.000000000000000000e+00 0.000000000000000000e+00
4.700000000000000000e+02 7.901545763015747070e-01 6.881981421368033036e-13
4.740000000000000000e+02 7.885437607765197754e-01 6.867951303154984366e-13
4.780000000000000000e+02 7.907111048698425293e-01 6.886828347180129484e-13
4.820000000000000000e+02 7.831435203552246094e-01 6.820916986609304455e-13
4.860000000000000000e+02 7.899411916732788086e-01 6.880123098844392882e-13
4.900000000000000000e+02 0.000000000000000000e+00 0.000000000000000000e+00
4.940000000000000000e+02 0.000000000000000000e+00 0.000000000000000000e+00
4.980000000000000000e+02 5.752155780792236328e-01 5.009934524527470678e-13
5.020000000000000000e+02 -6.762758642435073853e-02 -5.890135655692990690e-14
5.060000000000000000e+02 -1.013829782605171204e-01 -8.830117220097813413e-14
5.100000000000000000e+02 8.900255560874938965e-01 7.751823813927083417e-13
5.140000000000000000e+02 7.890619635581970215e-01 6.872465378900127764e-13
5.180000000000000000e+02 0.000000000000000000e+00 0.000000000000000000e+00
5.220000000000000000e+02 -1.012741848826408386e-01 -8.820641970736647908e-14
5.260000000000000000e+02 0.000000000000000000e+00 0.000000000000000000e+00
5.300000000000000000e+02 0.000000000000000000e+00 0.000000000000000000e+00
5.340000000000000000e+02 0.000000000000000000e+00 0.000000000000000000e+00
5.380000000000000000e+02 -6.752229481935501099e-02 -5.880965338192836733e-14
5.420000000000000000e+02 0.000000000000000000e+00 0.000000000000000000e+00
5.460000000000000000e+02 -6.780157238245010376e-02 -5.905289413932549025e-14
5.500000000000000000e+02 0.000000000000000000e+00 0.000000000000000000e+00
5.540000000000000000e+02 0.000000000000000000e+00 0.000000000000000000e+00
5.580000000000000000e+02 0.000000000000000000e+00 0.000000000000000000e+00
5.620000000000000000e+02 0.000000000000000000e+00 0.000000000000000000e+00
5.660000000000000000e+02 0.000000000000000000e+00 0.000000000000000000e+00
5.700000000000000000e+02 0.000000000000000000e+00 0.000000000000000000e+00
5.740000000000000000e+02 -6.749324500560760498e-02 -5.878435081372798687e-14
5.780000000000000000e+02 0.000000000000000000e+00 0.000000000000000000e+00
5.820000000000000000e+02 0.000000000000000000e+00 0.000000000000000000e+00
5.860000000000000000e+02 7.896578907966613770e-01 6.877655454699815873e-13
5.900000000000000000e+02 0.000000000000000000e+00 0.000000000000000000e+00
5.940000000000000000e+02 -6.735807657241821289e-02 -5.866662001032321716e-14
5.980000000000000000e+02 7.802033424377441406e-01 6.795309215497369326e-13
6.020000000000000000e+02 0.000000000000000000e+00 0.000000000000000000e+00
6.060000000000000000e+02 6.460915803909301758e-01 5.627240752363593668e-13
6.100000000000000000e+02 0.000000000000000000e+00 0.000000000000000000e+00
6.140000000000000000e+02 0.000000000000000000e+00 0.000000000000000000e+00
6.180000000000000000e+02 0.000000000000000000e+00 0.000000000000000000e+00
6.220000000000000000e+02 -1.010264530777931213e-01 -8.799065669877828566e-14
6.260000000000000000e+02 0.000000000000000000e+00 0.000000000000000000e+00
6.300000000000000000e+02 7.939354777336120605e-01 6.914911893952935262e-13
6.340000000000000000e+02 0.000000000000000000e+00 0.000000000000000000e+00
6.380000000000000000e+02 7.934669852256774902e-01 6.910830956975699824e-13
6.420000000000000000e+02 0.000000000000000000e+00 0.000000000000000000e+00
6.460000000000000000e+02 0.000000000000000000e+00 0.000000000000000000e+00
6.500000000000000000e+02 -1.009429171681404114e-01 -8.791789318047735224e-14
6.540000000000000000e+02 0.000000000000000000e+00 0.000000000000000000e+00
6.580000000000000000e+02 -2.021353691816329956e-01 -1.760531282389565799e-13
6.620000000000000000e+02 -1.023550778627395630e-01 -8.914783922999922061e-14
6.660000000000000000e+02 -1.017499640583992004e-01 -8.862080177769043887e-14
6.700000000000000000e+02 2.169402360916137695e+00 1.889476639385656576e-12
6.740000000000000000e+02 -3.043415844440460205e-01 -2.650713036653901122e-13
6.780000000000000000e+02 7.863755226135253906e-01 6.849067211815718093e-13
6.820000000000000000e+02 4.794430136680603027e-01 4.175787862194246802e-13
6.860000000000000000e+02 -2.245737463235855103e-01 -1.955961976586595430e-13
6.900000000000000000e+02 -2.028926163911819458e-01 -1.767126619730066683e-13
6.940000000000000000e+02 -3.081357777118682861e-01 -2.683759247820716176e-13
6.980000000000000000e+02 -1.016518548130989075e-01 -8.853535987023500309e-14
7.020000000000000000e+02 0.000000000000000000e+00 0.000000000000000000e+00
7.060000000000000000e+02 5.761127471923828125e-01 5.017748911685659952e-13
7.100000000000000000e+02 0.000000000000000000e+00 0.000000000000000000e+00
7.140000000000000000e+02 0.000000000000000000e+00 0.000000000000000000e+00
7.180000000000000000e+02 -1.012083590030670166e-01 -8.814908574123273000e-14
7.220000000000000000e+02 0.000000000000000000e+00 0.000000000000000000e+00
7.260000000000000000e+02 0.000000000000000000e+00 0.000000000000000000e+00
7.300000000000000000e+02 0.000000000000000000e+00 0.000000000000000000e+00
7.340000000000000000e+02 7.874110937118530273e-01 6.858086689688625004e-13
7.380000000000000000e+02 0.000000000000000000e+00 0.000000000000000000e+00
7.420000000000000000e+02 -1.023803278803825378e-01 -8.916983498157352028e-14
7.460000000000000000e+02 0.000000000000000000e+00 0.000000000000000000e+00
7.500000000000000000e+02 0.000000000000000000e+00 0.000000000000000000e+00
7.540000000000000000e+02 -6.753759086132049561e-02 -5.882297551612278297e-14
7.580000000000000000e+02 0.000000000000000000e+00 0.000000000000000000e+00
7.620000000000000000e+02 0.000000000000000000e+00 0.000000000000000000e+00
7.660000000000000000e+02 0.000000000000000000e+00 0.000000000000000000e+00
7.700000000000000000e+02 0.000000000000000000e+00 0.000000000000000000e+00
7.740000000000000000e+02 0.000000000000000000e+00 0.000000000000000000e+00
7.780000000000000000e+02 0.000000000000000000e+00 0.000000000000000000e+00
7.820000000000000000e+02 0.000000000000000000e+00 0.000000000000000000e+00
7.860000000000000000e+02 0.000000000000000000e+00 0.000000000000000000e+00
7.900000000000000000e+02 0.000000000000000000e+00 0.000000000000000000e+00
7.940000000000000000e+02 -6.758089363574981689e-02 -5.886069219919812245e-14
7.980000000000000000e+02 0.000000000000000000e+00 0.000000000000000000e+00
8.020000000000000000e+02 0.000000000000000000e+00 0.000000000000000000e+00
8.060000000000000000e+02 0.000000000000000000e+00 0.000000000000000000e+00
8.100000000000000000e+02 -1.008616015315055847e-01 -8.784706767355973667e-14
8.140000000000000000e+02 -1.012211292982101440e-01 -8.816021236602786249e-14
8.180000000000000000e+02 0.000000000000000000e+00 0.000000000000000000e+00
8.220000000000000000e+02 0.000000000000000000e+00 0.000000000000000000e+00
8.260000000000000000e+02 0.000000000000000000e+00 0.000000000000000000e+00
8.300000000000000000e+02 0.000000000000000000e+00 0.000000000000000000e+00
8.340000000000000000e+02 7.880518436431884766e-01 6.863667078270407895e-13
8.380000000000000000e+02 0.000000000000000000e+00 0.000000000000000000e+00
8.420000000000000000e+02 0.000000000000000000e+00 0.000000000000000000e+00
8.460000000000000000e+02 8.368569612503051758e-01 7.288743176722678463e-13
8.500000000000000000e+02 0.000000000000000000e+00 0.000000000000000000e+00
8.540000000000000000e+02 7.934907674789428711e-01 6.911038581691730798e-13
8.580000000000000000e+02 -1.012926772236824036e-01 -8.822252688589146685e-14
8.620000000000000000e+02 0.000000000000000000e+00 0.000000000000000000e+00
8.660000000000000000e+02 6.439393758773803711e-01 5.608495981003491782e-13
8.700000000000000000e+02 0.000000000000000000e+00 0.000000000000000000e+00
8.740000000000000000e+02 0.000000000000000000e+00 0.000000000000000000e+00
8.780000000000000000e+02 0.000000000000000000e+00 0.000000000000000000e+00
8.820000000000000000e+02 0.000000000000000000e+00 0.000000000000000000e+00
8.860000000000000000e+02 0.000000000000000000e+00 0.000000000000000000e+00
8.900000000000000000e+02 0.000000000000000000e+00 0.000000000000000000e+00
8.940000000000000000e+02 0.000000000000000000e+00 0.000000000000000000e+00
8.980000000000000000e+02 0.000000000000000000e+00 0.000000000000000000e+00
