3.000000000000000000e+00 0.000000000000000000e+00 0.000000000000000000e+00
7.000000000000000000e+00 3.577597141265869141e-01 3.887190320062822169e-13
1.100000000000000000e+01 0.000000000000000000e+00 0.000000000000000000e+00
1.500000000000000000e+01 0.000000000000000000e+00 0.000000000000000000e+00
1.900000000000000000e+01 2.640167474746704102e-01 2.868638757525659999e-13
2.300000000000000000e+01 0.000000000000000000e+00 0.000000000000000000e+00
2.700000000000000000e+01 0.000000000000000000e+00 0.000000000000000000e+00
3.100000000000000000e+01 6.390998959541320801e-01 6.944054706248259379e-13
3.500000000000000000e+01 9.081076383590698242e-01 9.866922816986756217e-13
3.900000000000000000e+01 2.363236397504806519e-01 2.567743110151732289e-13
4.300000000000000000e+01 8.189345002174377441e-01 8.898023919241826452e-13
4.700000000000000000e+01 1.899973273277282715e+00 2.064390759032308509e-12
5.100000000000000000e+01 9.546045660972595215e-01 1.037212850329982672e-12
5.500000000000000000e+01 1.205776333808898926e+00 1.310120198091957455e-12
5.900000000000000000e+01 9.533287286758422852e-01 1.035826589432242706e-12
6.300000000000000000e+01 1.592128396034240723e+00 1.729905823623367755e-12
6.700000000000000000e+01 5.691645145416259766e-01 6.184180771640068741e-13
7.100000000000000000e+01 0.000000000000000000e+00 0.000000000000000000e+00
7.500000000000000000e+01 1.286547422409057617e+00 1.397880942943796612e-12
7.900000000000000000e+01 0.000000000000000000e+00 0.000000000000000000e+00
8.300000000000000000e+01 0.000000000000000000e+00 0.000000000000000000e+00
8.700000000000000000e+01 6.389091610908508301e-01 6.941982253795553337e-13
9.100000000000000000e+01 3.162622153759002686e-01 3.436304788894534168e-13
9.500000000000000000e+01 8.947383165359497070e-01 9.721660325714975848e-13
9.900000000000000000e+01 2.360463142395019531e-01 2.564729841263851950e-13
1.030000000000000000e+02 3.199438154697418213e-01 3.476306699098929975e-13
1.070000000000000000e+02 -5.447047203779220581e-02 -5.918416391735917270e-14
1.110000000000000000e+02 6.451250314712524414e-01 7.009519917625106622e-13
1.150000000000000000e+02 0.000000000000000000e+00 0.000000000000000000e+00
1.190000000000000000e+02 -6.906297057867050171e-02 -7.503945517262425313e-14
1.230000000000000000e+02 -5.496081709861755371e-02 -5.971694086491854958e-14
1.270000000000000000e+02 0.000000000000000000e+00 0.000000000000000000e+00
1.310000000000000000e+02 -5.838875845074653625e-02 -6.344152769311231510e-14
1.350000000000000000e+02 3.340025544166564941e-01 3.629060214230955816e-13
1.390000000000000000e+02 0.000000000000000000e+00 0.000000000000000000e+00
1.430000000000000000e+02 3.422907590866088867e-01 3.719114588778688058e-13
1.470000000000000000e+02 0.000000000000000000e+00 0.000000000000000000e+00
1.510000000000000000e+02 -1.976185888051986694e-01 -2.147198434679364887e-13
1.550000000000000000e+02 0.000000000000000000e+00 0.000000000000000000e+00
1.590000000000000000e+02 0.000000000000000000e+00 0.000000000000000000e+00
1.630000000000000000e+02 -1.353345811367034912e-01 -1.470459767404647122e-13
1.670000000000000000e+02 -5.461573600769042969e-02 -5.934199664861875001e-14
1.710000000000000000e+02 3.390222489833831787e-01 3.683601004517839117e-13
