0149780101 PN       0.12334719       48000.000
0149780101 MOS1      0.024788732       49600.000
0149780101 MOS2      0.026358149       49600.000
0203560201 PN       0.15438202       80000.000
0203560201 MOS1      0.021713586       81600.000
0203560201 MOS2      0.021162791       81600.000
0300240501 PN      0.076740741       26900.000
0300240501 MOS1      0.019547038       28600.000
0300240501 MOS2      0.016306620       28600.000
0300930301 PN      0.042021277       18700.000
0300930301 MOS1      0.013288288       22100.000
0300930301 MOS2      0.013918919       22100.000
0502020101 PN       0.28992390       65600.000
0502020101 MOS1      0.058146552       69500.000
0502020101 MOS2      0.055790230       69500.000
0604740101 PN       0.28480942       89100.000
0604740101 MOS1      0.044543502       93000.000
0604740101 MOS2      0.035306122       93000.000
0675010401 PN       0.42489712       72800.000
0675010401 MOS1      0.080807292       76700.000
0675010401 MOS2      0.070455729       76700.000
0743650701 PN      0.052500000       26300.000
0743650701 MOS1      0.013035714       27900.000
0743650701 MOS2      0.013357143       27900.000
0760380201 PN      0.053681592       20000.000
0760380201 MOS1      0.014055300       21600.000
0760380201 MOS2      0.011843318       21600.000
0765041301 PN       0.10618785       18000.000
0765041301 MOS1      0.019796954       19600.000
0765041301 MOS2      0.017817259       19600.000
0770380401 PN      0.099055794       23200.000
0770380401 MOS1      0.021044177       24800.000
0770380401 MOS2      0.016787149       24800.000
0781890401 PN       0.11988372       8500.0000
0781890401 MOS1      0.041372549       10100.000
0781890401 MOS2      0.035980392       10100.000