# name              ra_Deg       dec_Deg      OBS_ID         redshift   nh_gal   SUBMODE           FILTER   radius_arcmin   counts   exposure      count_rate     
  1H0707-495        107.172907   -49.551915   0110890201     0.04057    0.0431   PrimePartialW3    Medium   1.14739         479.0    42702.62109   0.01121711004  
  1H0707-495        107.172907   -49.551915   0148010301     0.04057    0.0431   PrimeFullWindow   Medium   1.33333         1049.0   76139.64844   0.01377731604  
  1H0707-495        107.172907   -49.551915   0506200201     0.04057    0.0431   PrimePartialW2    Medium   1.25427         1219.0   38660.71875   0.03153071229  
  1H0707-495        107.172907   -49.551915   0506200301     0.04057    0.0431   PrimePartialW2    Medium   1.33333         800.0    40014.26953   0.01999286778  
  1H0707-495        107.172907   -49.551915   0506200401     0.04057    0.0431   PrimePartialW2    Medium   1.26282         1476.0   37085.55078   0.0397998673   
  1H0707-495        107.172907   -49.551915   0511580101     0.04057    0.0431   PrimePartialW2    Medium   1.33333         2634.0   115203.8984   0.02286380961  
  1H0707-495        107.172907   -49.551915   0511580201     0.04057    0.0431   PrimePartialW2    Medium   1.33333         2606.0   94860.10156   0.02747203468  
  1H0707-495        107.172907   -49.551915   0511580301     0.04057    0.0431   PrimePartialW2    Medium   1.33333         2169.0   83015.85938   0.02612753775  
  1H0707-495        107.172907   -49.551915   0511580401     0.04057    0.0431   PrimePartialW2    Medium   1.33333         1837.0   80781.95312   0.0227402276   
  1H0707-495        107.172907   -49.551915   0554710801     0.04057    0.0431   PrimePartialW2    Medium   1.10368         1784.0   80745.27344   0.0220941725   
  1H0707-495        107.172907   -49.551915   0653510301     0.04057    0.0431   PrimePartialW2    Medium   1.33333         2310.0   112249.1016   0.0205792293   
  1H0707-495        107.172907   -49.551915   0653510401     0.04057    0.0431   PrimePartialW2    Medium   1.14759         2758.0   121901.3984   0.02262484299  
  1H0707-495        107.172907   -49.551915   0653510501     0.04057    0.0431   PrimePartialW2    Medium   1.20762         2199.0   114299.5      0.0192389293   
  1H0707-495        107.172907   -49.551915   0653510601     0.04057    0.0431   PrimePartialW2    Medium   1.33333         2552.0   115797.8984   0.0220383965   
  Ark564            340.663939   29.725364    0006810101     0.02468    0.0534   PrimePartialW2    Medium   1.09267         142.0    6934.099121   0.02047850738  
  Ark564            340.663939   29.725364    0006810301     0.02468    0.0534   PrimePartialW2    Medium   1.0943          240.0    7379.103027   0.03252427824  
  Ark564            340.663939   29.725364    0206400101     0.02468    0.0534   PrimePartialW2    Medium   0.913363        1581.0   94644.77344   0.01670456743  
  Ark564            340.663939   29.725364    0670130201     0.02468    0.0534   PrimePartialW2    Thin1    1.06503         1548.0   56580.05078   0.02735946643  
  Ark564            340.663939   29.725364    0670130301     0.02468    0.0534   PrimePartialW2    Thin1    1.03735         1944.0   51710.19922   0.03759413093  
  Ark564            340.663939   29.725364    0670130401     0.02468    0.0534   PrimePartialW2    Thin1    0.978459        1632.0   43942.53125   0.03713941718  
  Ark564            340.663939   29.725364    0670130501     0.02468    0.0534   PrimePartialW2    Thin1    1.05876         2151.0   61883.85938   0.03475865956  
  Ark564            340.663939   29.725364    0670130601     0.02468    0.0534   PrimePartialW2    Thin1    1.01234         2089.0   45837.41016   0.04557412805  
  Ark564            340.663939   29.725364    0670130701     0.02468    0.0534   PrimePartialW2    Thin1    1.09624         936.0    41323.57031   0.02265051139  
  Ark564            340.663939   29.725364    0670130801     0.02468    0.0534   PrimePartialW2    Thin1    1.0163          1020.0   57222.96094   0.0178250126   
  Ark564            340.663939   29.725364    0670130901     0.02468    0.0534   PrimePartialW2    Thin1    1.0             1252.0   54133.78125   0.02312788745  
  ESO113-G010       16.319708    -58.437278   0301890101     0.0257     0.0208   PrimePartialW3    Medium   1.33333         1687.0   96932.96094   0.01740378075  
  ESO362-G18        79.89916     -32.657585   0610180101     0.01244    0.0175   PrimePartialW3    Thin1    1.06482         1732.0   73912.96094   0.02343296734  
  ESO362-G18        79.89916     -32.657585   0790810101     0.01244    0.0175   PrimePartialW2    Thick    1.10972         1782.0   117752.2969   0.01513346276  
  ESO511-G030       214.843417   -26.644722   0502090201     0.02239    0.0469   PrimePartialW2    Medium   1.03528         2948.0   106777.0      0.027608942    
  IC4329A           207.330276   -30.309436   0101040401     0.01605    0.0461   PrimePartialW3    Medium   1.33333         447.0    12736.92969   0.0350948      
  IC4329A           207.330276   -30.309436   0147440101     0.01605    0.0461   PrimePartialW3    Medium   0.906569        2664.0   98716.29688   0.02698642559  
  IC4329A           207.330276   -30.309436   0800760801     0.01605    0.0461   PrimeFullWindow   Medium   0.949926        610.0    12945.07031   0.04712218515  
  IRAS05078+1626    77.689622    16.498847    0502090501     0.01788    0.188    PrimePartialW2    Thin1    1.01086         1412.0   56294.80078   0.02508224526  
  IRAS13224-3809    201.330743   -38.414632   0110890101     0.0658     0.0534   PrimePartialW3    Medium   1.33333         1096.0   61024.17969   0.01796009394  
  IRAS13224-3809    201.330743   -38.414632   0673580101     0.0658     0.0534   PrimePartialW3    Thin1    1.33333         2773.0   90396.40625   0.03067599825  
  IRAS13224-3809    201.330743   -38.414632   0673580201     0.0658     0.0534   PrimePartialW3    Thin1    1.33333         2152.0   89921.60938   0.02393195601  
  IRAS13224-3809    201.330743   -38.414632   0673580301     0.0658     0.0534   PrimePartialW3    Thin1    1.31505         3040.0   91376.13281   0.03326908139  
  IRAS13224-3809    201.330743   -38.414632   0673580401     0.0658     0.0534   PrimePartialW3    Thin1    1.23905         2927.0   117877.2969   0.02483090534  
  IRAS13224-3809    201.330743   -38.414632   0780560101     0.0658     0.0534   PrimePartialW3    Thin1    1.33333         1410.0   29630.61914   0.04758591082  
  IRAS13224-3809    201.330743   -38.414632   0780560101_1   0.0658     0.0534   PrimePartialW3    Thin1    1.33333         1410.0   29630.61914   0.04758591082  
  IRAS13224-3809    201.330743   -38.414632   0780561301     0.0658     0.0534   PrimePartialW3    Thin1    1.33333         2674.0   132827.2969   0.02013140418  
  IRAS13224-3809    201.330743   -38.414632   0780561401     0.0658     0.0534   PrimePartialW3    Thin1    1.33333         1681.0   85430.90625   0.01967671975  
  IRAS13224-3809    201.330743   -38.414632   0780561401_1   0.0658     0.0534   PrimePartialW3    Thin1    1.33333         1681.0   85430.90625   0.01967671975  
  IRAS13224-3809    201.330743   -38.414632   0780561501     0.0658     0.0534   PrimePartialW3    Thin1    1.33333         3285.0   135110.2031   0.02431348576  
  IRAS13224-3809    201.330743   -38.414632   0780561601     0.0658     0.0534   PrimePartialW3    Thin1    1.33333         3164.0   137645.7031   0.02298655118  
  IRAS13224-3809    201.330743   -38.414632   0780561701     0.0658     0.0534   PrimePartialW3    Thin1    1.33333         3281.0   133410.0      0.02459335882  
  IRAS13224-3809    201.330743   -38.414632   0792180101     0.0658     0.0534   PrimePartialW3    Thin1    1.29135         3346.0   135446.0      0.0247035719   
  IRAS13224-3809    201.330743   -38.414632   0792180201     0.0658     0.0534   PrimePartialW3    Thin1    1.1125          2875.0   132889.4062   0.02163453116  
  IRAS13224-3809    201.330743   -38.414632   0792180301     0.0658     0.0534   PrimePartialW3    Thin1    1.25953         3430.0   126719.3984   0.027067679    
  IRAS13224-3809    201.330743   -38.414632   0792180401     0.0658     0.0534   PrimePartialW3    Thin1    1.33333         12.0     447.8548889   0.02679439322  
  IRAS13224-3809    201.330743   -38.414632   0792180501     0.0658     0.0534   PrimePartialW3    Thin1    1.15488         2953.0   127911.2031   0.02308632808  
  IRAS13224-3809    201.330743   -38.414632   0792180601     0.0658     0.0534   PrimePartialW3    Thin1    1.33333         2598.0   128047.7031   0.02028931357  
  IRAS13349+2438    204.328028   24.384272    0096010101     0.10764    0.0102   PrimeFullWindow   Medium   0.916053        547.0    41335.76172   0.01323309351  
  IRAS13349+2438    204.328028   24.384272    0402080201     0.10764    0.0102   PrimePartialW2    Thin1    1.05326         736.0    33733.28125   0.0218182155   
  IRAS13349+2438    204.328028   24.384272    0402080301     0.10764    0.0102   PrimePartialW2    Thin1    1.00018         1522.0   59603.57031   0.02553538307  
  IRAS13349+2438    204.328028   24.384272    0402080801     0.10764    0.0102   PrimePartialW2    Thin1    1.02805         232.0    10878.99023   0.02132550862  
  IRAS17020+4544    255.876596   45.679769    0206860101     0.0604     0.0201   PrimePartialW2    Medium   1.00406         263.0    18978.63086   0.01385769089  
  IRAS17020+4544    255.876596   45.679769    0206860201     0.0604     0.0201   PrimePartialW2    Medium   0.971811        449.0    13710.08008   0.03274962637  
  IRAS17020+4544    255.876596   45.679769    0721220101     0.0604     0.0201   PrimePartialW2    Medium   0.992005        2819.0   75879.46875   0.03715102447  
  IRAS17020+4544    255.876596   45.679769    0721220301     0.0604     0.0201   PrimePartialW2    Medium   1.08026         1627.0   81209.10156   0.02003470016  
  IRAS18325-5926    279.242875   -59.402389   0724820101     0.02002    0.0647   PrimePartialW2    Thin1    0.989825        2329.0   106198.2031   0.02193069121  
  IRAS18325-5926    279.242875   -59.402389   0724820201     0.02002    0.0647   PrimePartialW2    Thin1    1.07911         2437.0   97477.59375   0.02500061713  
  IRAS18325-5926    279.242875   -59.402389   0795690101     0.02002    0.0647   PrimePartialW2    Thin1    1.03706         1183.0   51021.30859   0.0231863908   
  IZW1              13.395585    12.69339     0110890301     0.0589     0.0476   PrimePartialW2    Medium   1.33333         316.0    21303.34961   0.01483334808  
  IZW1              13.395585    12.69339     0300470101     0.0589     0.0476   PrimePartialW2    Medium   1.06844         1460.0   79027.88281   0.01847449214  
  IZW1              13.395585    12.69339     0743050301     0.0589     0.0476   PrimePartialW2    Thin1    1.09707         2423.0   137768.4062   0.01758748661  
  IZW1              13.395585    12.69339     0743050301_1   0.0589     0.0476   PrimePartialW2    Thin1    0.977301        2423.0   137768.4062   0.01758748661  
  IZW1              13.395585    12.69339     0743050301_2   0.0589     0.0476   PrimePartialW2    Thin1    1.0             2423.0   137768.4062   0.01758748661  
  IZW1              13.395585    12.69339     0743050301_3   0.0589     0.0476   PrimePartialW2    Thin1    1.0             2423.0   137768.4062   0.01758748661  
  IZW1              13.395585    12.69339     0743050301_4   0.0589     0.0476   PrimePartialW2    Thin1    1.08816         2423.0   137768.4062   0.01758748661  
  IZW1              13.395585    12.69339     0743050801     0.0589     0.0476   PrimePartialW2    Thin1    1.11111         813.0    35022.39844   0.02321371569  
  MCG-02-14-009     79.088244    -10.561505   0550640101     0.02845    0.0924   PrimePartialW2    Medium   1.14541         2488.0   87411.84375   0.02846296215  
  MCG-5-23-16       146.917319   -30.948734   0112830301     0.00849    0.087    PrimeFullWindow   Medium   1.33333         221.0    10658.4502    0.02073472184  
  MCG-5-23-16       146.917319   -30.948734   0112830401     0.00849    0.087    PrimeFullWindow   Medium   1.33333         350.0    24035.09961   0.01456203659  
  MCG-5-23-16       146.917319   -30.948734   0302850201     0.00849    0.087    PrimePartialW2    Medium   1.33333         2141.0   111493.7031   0.01920287819  
  MCG-5-23-16       146.917319   -30.948734   0727960101     0.00849    0.087    PrimePartialW2    Thin1    1.11111         2489.0   117408.2969   0.02119952394  
  MCG-5-23-16       146.917319   -30.948734   0727960201     0.00849    0.087    PrimePartialW2    Thin1    1.11111         2480.0   128580.3984   0.01928754328  
  MCG-6-30-15       203.973778   -34.295538   0029740101     0.00775    0.0392   PrimePartialW2    Medium   0.989166        1498.0   64750.55078   0.02313493834  
  MCG-6-30-15       203.973778   -34.295538   0029740701     0.00775    0.0392   PrimePartialW2    Medium   1.00862         2965.0   105235.7031   0.02817484857  
  MCG-6-30-15       203.973778   -34.295538   0029740801     0.00775    0.0392   PrimePartialW2    Medium   0.991172        2716.0   119771.2031   0.0226765694   
  MCG-6-30-15       203.973778   -34.295538   0693781201     0.00775    0.0392   PrimePartialW2    Medium   0.980268        3163.0   124713.2031   0.02536219038  
  MCG-6-30-15       203.973778   -34.295538   0693781301     0.00775    0.0392   PrimePartialW2    Medium   1.053           2430.0   128219.2031   0.01895191938  
  MCG-6-30-15       203.973778   -34.295538   0693781401     0.00775    0.0392   PrimePartialW2    Medium   1.09479         2197.0   35954.62109   0.06110480192  
  Mrk1040           37.060317    31.311658    0554990101     0.01665    0.0663   PrimePartialW3    Thin1    1.33333         7.0      247.584198    0.02827320991  
  Mrk1040           37.060317    31.311658    0760530201     0.01665    0.0663   PrimePartialW2    Thin1    1.33333         1132.0   91667.39062   0.01234899338  
  Mrk1040           37.060317    31.311658    0760530301     0.01665    0.0663   PrimePartialW2    Thin1    1.33333         1296.0   82165.79688   0.01577298644  
  Mrk205            185.434254   75.310787    0124110101     0.07085    0.028    PrimeFullWindow   Medium   1.33333         274.0    16931.32031   0.01618302619  
  Mrk205            185.434254   75.310787    0124110101_1   0.07085    0.028    PrimeFullWindow   Medium   1.33333         274.0    16931.32031   0.01618302619  
  Mrk205            185.434254   75.310787    0124110101_2   0.07085    0.028    PrimeFullWindow   Medium   1.33333         274.0    16931.32031   0.01618302619  
  Mrk205            185.434254   75.310787    0401240201     0.07085    0.028    PrimePartialW3    Thin1    1.33333         646.0    31969.33984   0.0202068608   
  Mrk205            185.434254   75.310787    0401240301     0.07085    0.028    PrimePartialW3    Thin1    1.33333         1268.0   34586.05078   0.03666217944  
  Mrk205            185.434254   75.310787    0401240501     0.07085    0.028    PrimePartialW3    Thin1    1.33333         1510.0   50778.10938   0.02973722375  
  Mrk335            1.581339     20.202914    0101040101     0.02578    0.0356   PrimePartialW3    Medium   1.33333         368.0    33771.71875   0.01089669148  
  Mrk335            1.581339     20.202914    0306870101     0.02578    0.0356   PrimePartialW2    Thin1    0.96201         2024.0   117817.7969   0.01717906847  
  Mrk335            1.581339     20.202914    0510010701     0.02578    0.0356   PrimeFullWindow   Medium   1.33333         420.0    20058.05078   0.02093922309  
  Mrk335            1.581339     20.202914    0600540501     0.02578    0.0356   PrimeFullWindow   Thin1    1.33333         1854.0   80780.96875   0.02295095031  
  Mrk335            1.581339     20.202914    0600540601     0.02578    0.0356   PrimeFullWindow   Thin1    1.33333         2731.0   114575.3984   0.02383583245  
  Mrk335            1.581339     20.202914    0741280201     0.02578    0.0356   PrimeFullWindow   Thin1    1.33333         3014.0   90342.35156   0.03336198303  
  Mrk704            139.608356   16.305339    0300240101     0.02923    0.0297   PrimePartialW3    Medium   0.950223        735.0    18847.99023   0.03899620017  
  Mrk704            139.608356   16.305339    0502091601     0.02923    0.0297   PrimePartialW2    Thin1    1.08414         1467.0   86090.14844   0.01704027727  
  Mrk766            184.610456   29.812872    0096020101     0.01293    0.0178   PrimeFullWindow   Medium   0.959017        412.0    28301.32031   0.01455762471  
  Mrk766            184.610456   29.812872    0304030101     0.01293    0.0178   PrimePartialW3    Medium   1.04819         1380.0   78266.27344   0.01763211584  
  Mrk766            184.610456   29.812872    0304030301     0.01293    0.0178   PrimePartialW3    Medium   1.03923         2350.0   95055.64062   0.02472236245  
  Mrk766            184.610456   29.812872    0304030401     0.01293    0.0178   PrimePartialW3    Medium   1.00057         1649.0   90891.24219   0.01814256204  
  Mrk766            184.610456   29.812872    0304030501     0.01293    0.0178   PrimePartialW3    Medium   1.05326         1338.0   89953.09375   0.01487441892  
  Mrk766            184.610456   29.812872    0304030601     0.01293    0.0178   PrimePartialW3    Medium   0.989673        1393.0   77474.97656   0.01797999899  
  Mrk766            184.610456   29.812872    0304030701     0.01293    0.0178   PrimePartialW3    Medium   1.09318         395.0    20775.90039   0.01901241306  
  Mrk766            184.610456   29.812872    0763790401     0.01293    0.0178   PrimeFullWindow   Medium   1.33333         687.0    26839.08984   0.02559699319  
  Mrk841            226.005003   10.43782     0763790501     0.03642    0.0222   PrimeFullWindow   Thin1    1.33333         664.0    24434.09961   0.02717513682  
  MS22549-3712      344.412703   -36.935003   0205390101     0.039      0.0112   PrimePartialW2    Medium   0.999019        896.0    39465.46094   0.0227033963   
  MS22549-3712      344.412703   -36.935003   0748391001     0.039      0.0112   PrimeFullWindow   Thin1    1.33333         2313.0   97654.15625   0.02368562782  
  NGC1365           53.401548    -36.140402   0151370101     0.00546    0.0134   PrimeFullWindow   Medium   1.33333         317.0    18875.09961   0.01679461336  
  NGC1365           53.401548    -36.140402   0205590301     0.00546    0.0134   PrimeFullWindow   Medium   1.33333         842.0    57761.67969   0.01457713842  
  NGC1365           53.401548    -36.140402   0205590401     0.00546    0.0134   PrimeFullWindow   Medium   1.33333         1233.0   42841.51172   0.02878049701  
  NGC1365           53.401548    -36.140402   0505140201     0.00546    0.0134   PrimeFullWindow   Medium   1.33333         2102.0   72879.54688   0.02884211127  
  NGC1365           53.401548    -36.140402   0505140401     0.00546    0.0134   PrimeFullWindow   Medium   1.33333         3191.0   123063.2969   0.02592974576  
  NGC1365           53.401548    -36.140402   0505140501     0.00546    0.0134   PrimeFullWindow   Medium   1.33333         2416.0   76082.92969   0.03175482345  
  NGC1365           53.401548    -36.140402   0692840201     0.00546    0.0134   PrimeFullWindow   Medium   1.33333         2318.0   129276.5      0.01793055969  
  NGC1365           53.401548    -36.140402   0692840301     0.00546    0.0134   PrimeFullWindow   Medium   1.33333         2095.0   117181.0      0.01787832498  
  NGC1365           53.401548    -36.140402   0692840401     0.00546    0.0134   PrimeFullWindow   Medium   1.33333         1849.0   104661.5      0.01766647717  
  NGC1365           53.401548    -36.140402   0692840401_1   0.00546    0.0134   PrimeFullWindow   Medium   1.33333         1849.0   104661.5      0.01766647717  
  NGC1365           53.401548    -36.140402   0692840501     0.00546    0.0134   PrimeFullWindow   Medium   1.33333         2076.0   119919.2969   0.01731164253  
  NGC3227           155.877412   19.86505     0101040301     0.00386    0.0199   PrimeFullWindow   Medium   1.33333         737.0    36395.73828   0.02024962358  
  NGC3227           155.877412   19.86505     0400270101     0.00386    0.0199   PrimePartialW2    Medium   1.33333         1949.0   103296.6016   0.01886799731  
  NGC3227           155.877412   19.86505     0782520201     0.00386    0.0199   PrimePartialW2    Medium   1.11111         334.0    19190.44922   0.01740449096  
  NGC3227           155.877412   19.86505     0782520201_1   0.00386    0.0199   PrimePartialW2    Medium   1.05671         334.0    19190.44922   0.01740449096  
  NGC3227           155.877412   19.86505     0782520301     0.00386    0.0199   PrimePartialW2    Medium   1.11111         1831.0   54315.55859   0.03371041461  
  NGC3227           155.877412   19.86505     0782520401     0.00386    0.0199   PrimePartialW2    Medium   1.11111         2331.0   76118.96094   0.03062311901  
  NGC3227           155.877412   19.86505     0782520501     0.00386    0.0199   PrimePartialW2    Medium   1.11111         1819.0   66800.29688   0.0272304179   
  NGC3227           155.877412   19.86505     0782520601     0.00386    0.0199   PrimePartialW2    Medium   1.11111         1508.0   84070.53125   0.01793731974  
  NGC3227           155.877412   19.86505     0782520701     0.00386    0.0199   PrimePartialW2    Medium   1.11111         1568.0   70362.21094   0.02228468917  
  NGC3516           166.697876   72.568577    0107460601     0.00884    0.0345   PrimePartialW2    Thin1    1.06077         871.0    30959.5293    0.02813350267  
  NGC3516           166.697876   72.568577    0107460701     0.00884    0.0345   PrimePartialW4    Thin1    1.0888          1715.0   116467.2969   0.0147251636   
  NGC3516           166.697876   72.568577    0401210401     0.00884    0.0345   PrimePartialW2    Thin1    1.08263         1575.0   45702.75      0.03446182123  
  NGC3516           166.697876   72.568577    0401210501     0.00884    0.0345   PrimePartialW2    Thin1    1.01038         1903.0   56129.58984   0.03390368619  
  NGC3516           166.697876   72.568577    0401210601     0.00884    0.0345   PrimePartialW2    Thin1    1.00037         1363.0   61578.94922   0.02213418737  
  NGC3516           166.697876   72.568577    0401211001     0.00884    0.0345   PrimePartialW2    Thin1    1.06183         1966.0   49267.98047   0.03990421327  
  NGC3783           174.757342   -37.73867    0112210101     0.00973    0.0991   PrimePartialW3    Medium   1.0983          541.0    37198.71094   0.01454351472  
  NGC3783           174.757342   -37.73867    0780860901     0.00973    0.0991   PrimePartialW2    Thin1    1.11111         447.0    14269.79004   0.0313249178   
  NGC3783           174.757342   -37.73867    0780861001     0.00973    0.0991   PrimePartialW2    Thin1    1.11111         277.0    6780.022949   0.04085531894  
  NGC4051           180.79006    44.531334    0157560101     0.00234    0.0115   PrimePartialW3    Medium   1.33333         759.0    48978.01172   0.01549674994  
  NGC4051           180.79006    44.531334    0606320101     0.00234    0.0115   PrimePartialW2    Medium   0.920875        1807.0   38288.57031   0.04719424061  
  NGC4051           180.79006    44.531334    0606320201     0.00234    0.0115   PrimePartialW2    Medium   1.05269         622.0    23997.08008   0.02591982016  
  NGC4051           180.79006    44.531334    0606320301     0.00234    0.0115   PrimePartialW2    Medium   1.0986          456.0    18848.44922   0.02419297178  
  NGC4051           180.79006    44.531334    0606320401     0.00234    0.0115   PrimePartialW2    Medium   1.08279         377.0    17553.33984   0.02147739424  
  NGC4051           180.79006    44.531334    0606321301     0.00234    0.0115   PrimePartialW2    Medium   1.07975         487.0    14502.73047   0.03357988353  
  NGC4051           180.79006    44.531334    0606321401     0.00234    0.0115   PrimePartialW2    Medium   0.92338         1425.0   33439.85938   0.04261381557  
  NGC4051           180.79006    44.531334    0606321501     0.00234    0.0115   PrimePartialW2    Medium   0.998348        495.0    15402.61035   0.03213740974  
  NGC4051           180.79006    44.531334    0606321601     0.00234    0.0115   PrimePartialW2    Medium   0.909829        1290.0   38805.80859   0.03324244609  
  NGC4051           180.79006    44.531334    0606321701     0.00234    0.0115   PrimePartialW2    Medium   1.00187         1377.0   36832.58984   0.03738537002  
  NGC4051           180.79006    44.531334    0606321801     0.00234    0.0115   PrimePartialW2    Medium   1.04081         342.0    16866.07031   0.02027739679  
  NGC4051           180.79006    44.531334    0606321901     0.00234    0.0115   PrimePartialW2    Medium   1.12294         749.0    26965.33008   0.02777640763  
  NGC4051           180.79006    44.531334    0606322001     0.00234    0.0115   PrimePartialW2    Medium   1.0983          497.0    14238.34961   0.03490573091  
  NGC4051           180.79006    44.531334    0606322101     0.00234    0.0115   PrimePartialW2    Medium   1.03766         838.0    20864.91992   0.04016310646  
  NGC4051           180.79006    44.531334    0606322201     0.00234    0.0115   PrimePartialW2    Medium   1.0002          688.0    27371.23047   0.0251358813   
  NGC4051           180.79006    44.531334    0606322301     0.00234    0.0115   PrimePartialW2    Medium   1.05326         1245.0   33987.03906   0.03663161118  
  NGC4151           182.635745   39.40573     0112310101     0.00332    0.023    PrimePartialW2    Medium   0.951231        380.0    29877.19922   0.012718729    
  NGC4151           182.635745   39.40573     0112830201     0.00332    0.023    PrimeFullWindow   Medium   1.33333         948.0    58835.76953   0.01611264725  
  NGC4151           182.635745   39.40573     0112830501     0.00332    0.023    PrimeFullWindow   Medium   1.33333         281.0    21911.40039   0.0128243743   
  NGC4151           182.635745   39.40573     0143500101     0.00332    0.023    PrimePartialW2    Medium   1.00913         379.0    10212.88965   0.03710996721  
  NGC4151           182.635745   39.40573     0143500201     0.00332    0.023    PrimePartialW2    Medium   0.915896        462.0    16953.41992   0.02725113883  
  NGC4151           182.635745   39.40573     0143500301     0.00332    0.023    PrimePartialW2    Medium   1.05235         310.0    17585.66016   0.01762799902  
  NGC4151           182.635745   39.40573     0402660101     0.00332    0.023    PrimePartialW2    Medium   1.02876         1086.0   38084.67188   0.02851540913  
  NGC4151           182.635745   39.40573     0402660201     0.00332    0.023    PrimePartialW2    Medium   1.08389         490.0    29063.11914   0.01685985588  
  NGC4151           182.635745   39.40573     0679780201     0.00332    0.023    PrimeFullWindow   Medium   1.10665         249.0    12481.90039   0.01994888536  
  NGC4151           182.635745   39.40573     0761670101     0.00332    0.023    PrimePartialW2    Thin1    1.11111         848.0    29637.48047   0.02861241869  
  NGC4151           182.635745   39.40573     0761670201     0.00332    0.023    PrimePartialW2    Thin1    1.11111         722.0    32612.09961   0.02213902228  
  NGC4151           182.635745   39.40573     0761670301     0.00332    0.023    PrimePartialW2    Thin1    1.11111         879.0    44215.96094   0.01987969913  
  NGC4151           182.635745   39.40573     0761670401     0.00332    0.023    PrimePartialW2    Thin1    1.11111         326.0    13517.54004   0.02411681408  
  NGC4151           182.635745   39.40573     0761670501     0.00332    0.023    PrimePartialW2    Thin1    1.11111         823.0    39827.80859   0.02066395388  
  NGC4151           182.635745   39.40573     0761670601     0.00332    0.023    PrimePartialW2    Thin1    1.11111         836.0    44049.89062   0.01897848072  
  NGC4151           182.635745   39.40573     0761670701     0.00332    0.023    PrimePartialW2    Thin1    1.11111         1262.0   38925.75      0.03242069838  
  NGC4151           182.635745   39.40573     0761670801     0.00332    0.023    PrimePartialW2    Thin1    1.11111         1350.0   41016.26953   0.0329137685   
  NGC4151           182.635745   39.40573     0761670901     0.00332    0.023    PrimePartialW2    Thin1    1.11111         631.0    40907.80078   0.01542493089  
  NGC4395           186.453592   33.546928    0112521901     0.00106    0.0185   PrimeFullWindow   Thin1    1.33333         294.0    14829.00977   0.01982600353  
  NGC4395           186.453592   33.546928    0142830101     0.00106    0.0185   PrimeFullWindow   Medium   1.33333         1330.0   102553.8984   0.01296879027  
  NGC4395           186.453592   33.546928    0744010101     0.00106    0.0185   PrimePartialW2    Medium   1.11111         776.0    51277.53906   0.01513333156  
  NGC4395           186.453592   33.546928    0744010201     0.00106    0.0185   PrimePartialW2    Medium   1.11111         573.0    20548.91016   0.02788469051  
  NGC4593           189.914272   -5.344261    0740920201     0.009      0.0189   PrimePartialW2    Medium   1.11111         322.0    20923.31055   0.01538953405  
  NGC4593           189.914272   -5.344261    0740920301     0.009      0.0189   PrimePartialW2    Medium   1.11111         269.0    12318.44043   0.02183717992  
  NGC4593           189.914272   -5.344261    0740920401     0.009      0.0189   PrimePartialW2    Medium   1.11111         492.0    24193.7207    0.02033585516  
  NGC4593           189.914272   -5.344261    0740920501     0.009      0.0189   PrimePartialW2    Medium   1.11111         433.0    21138.08984   0.02048434855  
  NGC4593           189.914272   -5.344261    0740920601     0.009      0.0189   PrimePartialW2    Medium   1.11111         775.0    26549.0       0.02919130664  
  NGC4593           189.914272   -5.344261    0784740101     0.009      0.0189   PrimePartialW2    Medium   1.11111         2565.0   135588.7969   0.01891749215  
  NGC4748           193.051917   -13.414722   0723100401     0.01463    0.0352   PrimePartialW3    Medium   1.33333         1306.0   45180.23047   0.02890644838  
  NGC5506           213.31205    -3.207577    0013140101     0.00618    0.0408   PrimePartialW3    Medium   1.33333         249.0    17702.18945   0.01406605667  
  NGC5506           213.31205    -3.207577    0013140201     0.00618    0.0408   PrimePartialW3    Medium   1.33333         170.0    13092.62988   0.01298440432  
  NGC5506           213.31205    -3.207577    0201830201     0.00618    0.0408   PrimePartialW2    Medium   0.976806        326.0    21034.71094   0.01549819253  
  NGC5506           213.31205    -3.207577    0201830301     0.00618    0.0408   PrimePartialW2    Medium   0.959153        323.0    19442.58008   0.01661302146  
  NGC5506           213.31205    -3.207577    0201830401     0.00618    0.0408   PrimePartialW2    Medium   0.94272         413.0    18734.42969   0.02204497318  
  NGC5506           213.31205    -3.207577    0201830501     0.00618    0.0408   PrimePartialW2    Medium   1.0722          449.0    19760.06055   0.02272260244  
  NGC5506           213.31205    -3.207577    0554170101     0.00618    0.0408   PrimePartialW2    Thin1    0.981889        2204.0   61683.75      0.03573064219  
  NGC5506           213.31205    -3.207577    0554170201     0.00618    0.0408   PrimePartialW2    Thin1    0.945692        1972.0   79672.60156   0.02475129419  
  NGC5506           213.31205    -3.207577    0761220101     0.00618    0.0408   PrimePartialW2    Thin1    1.02172         116.0    4558.467773   0.0254471471   
  NGC5548           214.498058   25.13679     0720110301     0.01717    0.0155   PrimePartialW2    Thin1    0.95621         712.0    50106.55859   0.01420971665  
  NGC5548           214.498058   25.13679     0720110401     0.01717    0.0155   PrimePartialW2    Thin1    1.02503         798.0    54258.62109   0.01470734021  
  NGC5548           214.498058   25.13679     0720110501     0.01717    0.0155   PrimePartialW2    Thin1    0.999513        763.0    55071.33984   0.01385475643  
  NGC5548           214.498058   25.13679     0720110601     0.01717    0.0155   PrimePartialW2    Thin1    1.00109         886.0    54113.82812   0.01637289452  
  NGC5548           214.498058   25.13679     0720110701     0.01717    0.0155   PrimePartialW2    Thin1    1.04139         749.0    55036.01953   0.0136092691   
  NGC5548           214.498058   25.13679     0720110801     0.01717    0.0155   PrimePartialW2    Thin1    1.05326         808.0    55256.83984   0.01462262414  
  NGC5548           214.498058   25.13679     0720110901     0.01717    0.0155   PrimePartialW2    Thin1    0.995557        828.0    54511.91016   0.01518934115  
  NGC5548           214.498058   25.13679     0720111001     0.01717    0.0155   PrimePartialW2    Thin1    0.970392        700.0    54228.55078   0.01290832947  
  NGC5548           214.498058   25.13679     0720111101     0.01717    0.0155   PrimePartialW2    Thin1    1.00406         52.0     2171.368896   0.02394802656  
  NGC5548           214.498058   25.13679     0720111201     0.01717    0.0155   PrimePartialW2    Thin1    1.11123         804.0    54851.53906   0.01465774733  
  NGC5548           214.498058   25.13679     0720111301     0.01717    0.0155   PrimePartialW2    Thin1    0.976442        588.0    49137.73828   0.01196636273  
  NGC5548           214.498058   25.13679     0720111401     0.01717    0.0155   PrimePartialW2    Thin1    1.03761         860.0    54161.05078   0.01587856933  
  NGC5548           214.498058   25.13679     0720111501     0.01717    0.0155   PrimePartialW2    Thin1    1.07175         1965.0   54100.60938   0.0363212175   
  NGC5548           214.498058   25.13679     0720111601     0.01717    0.0155   PrimePartialW2    Thin1    1.029           1199.0   54982.28906   0.02180702223  
  NGC5548           214.498058   25.13679     0771000101     0.01717    0.0155   PrimePartialW2    Thin1    1.11111         1071.0   31989.66992   0.0334795577   
  NGC5548           214.498058   25.13679     0771000201     0.01717    0.0155   PrimePartialW2    Thin1    1.11111         536.0    32262.16016   0.01661389062  
  NGC6860           302.195375   -61.100194   0552170301     0.01488    0.0315   PrimeFullWindow   Thin1    1.33333         2968.0   75092.15625   0.03952476728  
  NGC7314           338.942462   -26.050466   0111790101     0.00476    0.015    PrimeFullWindow   Medium   0.905747        855.0    39605.07031   0.02158814498  
  NGC7314           338.942462   -26.050466   0311190101     0.00476    0.015    PrimeFullWindow   Thin1    1.33333         1555.0   82624.86719   0.01881999999  
  NGC7314           338.942462   -26.050466   0725200101     0.00476    0.015    PrimeFullWindow   Medium   0.957499        3450.0   114704.3984   0.03007731218  
  NGC7314           338.942462   -26.050466   0725200301     0.00476    0.015    PrimeFullWindow   Medium   0.835186        1878.0   128392.3984   0.01462703418  
  NGC7314           338.942462   -26.050466   0790650101     0.00476    0.015    PrimePartialW3    Thin1    1.06018         1406.0   61265.73047   0.02294920813  
  NGC7469           345.815095   8.873997     0112170101     0.01632    0.0445   PrimePartialW3    Medium   0.92559         219.0    17796.30078   0.01230592822  
  NGC7469           345.815095   8.873997     0112170301     0.01632    0.0445   PrimePartialW3    Medium   1.08679         270.0    23257.44922   0.01160918368  
  NGC7469           345.815095   8.873997     0760350201     0.01632    0.0445   PrimePartialW2    Thin1    1.11111         1974.0   76438.14844   0.02582480136  
  NGC7469           345.815095   8.873997     0760350301     0.01632    0.0445   PrimePartialW2    Thin1    1.11111         1597.0   84470.52344   0.01890600336  
  NGC7469           345.815095   8.873997     0760350401     0.01632    0.0445   PrimePartialW2    Thin1    1.11111         204.0    3738.00293    0.05457459607  
  NGC7469           345.815095   8.873997     0760350501     0.01632    0.0445   PrimePartialW2    Thin1    1.11111         1424.0   80229.40625   0.01774910306  
  NGC7469           345.815095   8.873997     0760350601     0.01632    0.0445   PrimePartialW2    Thin1    1.11111         1888.0   66462.75781   0.02840688623  
  NGC7469           345.815095   8.873997     0760350701     0.01632    0.0445   PrimePartialW2    Thin1    1.11111         1550.0   51036.32031   0.0303705281   
  NGC7469           345.815095   8.873997     0760350801     0.01632    0.0445   PrimePartialW2    Thin1    1.11111         2363.0   84596.72656   0.02793252288  
  PG1211+143        183.573625   14.053639    0112610101     0.0809     0.0274   PrimePartialW2    Medium   1.33333         981.0    54508.44922   0.01799720986  
  PG1211+143        183.573625   14.053639    0208020101     0.0809     0.0274   PrimePartialW3    Thin1    1.33333         743.0    40173.75      0.0184946638   
  PG1211+143        183.573625   14.053639    0502050101     0.0809     0.0274   PrimePartialW3    Thin1    1.33333         1001.0   49758.16016   0.02011730331  
  PG1211+143        183.573625   14.053639    0502050201     0.0809     0.0274   PrimePartialW3    Thin1    1.33333         901.0    36291.83984   0.02482651758  
  PG1211+143        183.573625   14.053639    0745110101     0.0809     0.0274   PrimePartialW2    Medium   1.33333         1045.0   77075.35156   0.01355816067  
  PG1211+143        183.573625   14.053639    0745110201     0.0809     0.0274   PrimePartialW2    Medium   1.33333         1417.0   101109.6016   0.01401449495  
  PG1211+143        183.573625   14.053639    0745110301     0.0809     0.0274   PrimePartialW2    Medium   1.33333         2210.0   91929.02344   0.02404028584  
  PG1211+143        183.573625   14.053639    0745110401     0.0809     0.0274   PrimePartialW2    Medium   1.33333         1314.0   95067.21875   0.01382179912  
  PG1211+143        183.573625   14.053639    0745110501     0.0809     0.0274   PrimePartialW2    Medium   1.33333         726.0    56131.53125   0.01293390691  
  PG1211+143        183.573625   14.053639    0745110601     0.0809     0.0274   PrimePartialW2    Medium   1.33333         1043.0   93042.85938   0.01120988765  
  PG1211+143        183.573625   14.053639    0745110701     0.0809     0.0274   PrimePartialW2    Medium   1.33333         1195.0   96687.52344   0.0123594023   
  PG1244+026        191.646866   2.369108     0675320101     0.04818    0.0187   PrimePartialW2    Thin1    0.925926        2695.0   122063.5      0.02207867217  
  PG1244+026        191.646866   2.369108     0744440101     0.04818    0.0187   PrimePartialW2    Thin1    0.971014        2397.0   106605.3984   0.02248479003  
  PG1244+026        191.646866   2.369108     0744440201     0.04818    0.0187   PrimePartialW2    Thin1    0.958844        3921.0   67393.74219   0.058180476    
  PG1244+026        191.646866   2.369108     0744440301     0.04818    0.0187   PrimePartialW2    Thin1    0.95519         3793.0   55498.46875   0.06834422797  
  PG1244+026        191.646866   2.369108     0744440401     0.04818    0.0187   PrimePartialW2    Thin1    1.03248         3545.0   102870.5      0.03446080266  
  PG1244+026        191.646866   2.369108     0744440501     0.04818    0.0187   PrimePartialW2    Thin1    1.00295         2551.0   112028.7031   0.02277095002  
  PKS0558-504       89.947417    -50.447889   0117500201     0.1372     0.0337   PrimePartialW3    Thin2    1.46877         423.0    7984.477051   0.05297779646  
  PKS0558-504       89.947417    -50.447889   0117710601     0.1372     0.0337   PrimeFullWindow   Thin1    1.33333         36.0     2961.253906   0.01215701225  
  PKS0558-504       89.947417    -50.447889   0117710601_1   0.1372     0.0337   PrimeFullWindow   Thin1    1.5575          36.0     2961.253906   0.01215701225  
  PKS0558-504       89.947417    -50.447889   0119100301     0.1372     0.0337   PrimePartialW2    Medium   1.33333         204.0    11462.13965   0.01779772418  
  PKS0558-504       89.947417    -50.447889   0120300801     0.1372     0.0337   PrimeFullWindow   Thin1    0.881329        113.0    4130.041016   0.0273605031   
  PKS0558-504       89.947417    -50.447889   0125110101_1   0.1372     0.0337   PrimePartialW3    Medium   1.04167         128.0    5329.953125   0.02401522058  
  PKS0558-504       89.947417    -50.447889   0129360201     0.1372     0.0337   PrimePartialW3    Thin1    0.892699        66.0     7817.391113   0.008442714333 
  PKS0558-504       89.947417    -50.447889   0137550201     0.1372     0.0337   PrimeFullWindow   Medium   1.33333         184.0    14054.54004   0.01309185498  
  PKS0558-504       89.947417    -50.447889   0137550601     0.1372     0.0337   PrimeFullWindow   Medium   1.33333         6.0      112.2039032   0.05347407558  
  PKS0558-504       89.947417    -50.447889   0555170201     0.1372     0.0337   PrimePartialW2    Thin1    0.909829        13.0     785.3942871   0.01655219577  
  PKS0558-504       89.947417    -50.447889   0555170301     0.1372     0.0337   PrimePartialW2    Thin1    0.95621         2630.0   110524.0      0.02379573667  
  PKS0558-504       89.947417    -50.447889   0555170401     0.1372     0.0337   PrimePartialW2    Thin1    0.898268        3888.0   116580.3984   0.03335037495  
  PKS0558-504       89.947417    -50.447889   0555170501     0.1372     0.0337   PrimePartialW2    Thin1    1.04513         2581.0   120999.7031   0.02133063085  
  PKS0558-504       89.947417    -50.447889   0555170601     0.1372     0.0337   PrimePartialW2    Thin1    0.891664        2405.0   105738.7969   0.02274472635  
  REJ1034+396       158.660829   39.641158    0109070101     0.04244    0.0131   PrimePartialW3    Thin1    1.33333         769.0    12430.45996   0.0618641629   
  REJ1034+396       158.660829   39.641158    0506440101     0.04244    0.0131   PrimeFullWindow   Thin1    1.33333         2241.0   88509.22656   0.02531939423  
  REJ1034+396       158.660829   39.641158    0561580201     0.04244    0.0131   PrimePartialW2    Thin1    0.936841        1597.0   58316.23047   0.02738517197  
  REJ1034+396       158.660829   39.641158    0655310101     0.04244    0.0131   PrimePartialW2    Thin1    0.953535        700.0    24698.30078   0.02834203074  
  REJ1034+396       158.660829   39.641158    0655310201     0.04244    0.0131   PrimePartialW2    Thin1    0.865068        894.0    38421.73828   0.02326807792  
  REJ1034+396       158.660829   39.641158    0675440101     0.04244    0.0131   PrimePartialW2    Thin1    0.952928        563.0    21917.96094   0.02568669602  
  REJ1034+396       158.660829   39.641158    0675440301     0.04244    0.0131   PrimePartialW2    Thin1    0.939286        397.0    20409.50977   0.0194517166   
  RXJ0136.9-3510    24.226667    -35.164444   0303340101     0.28903    0.0208   PrimeFullWindow   Thin1    1.33333         1060.0   49711.92969   0.0213228496   
  SWIFTJ2127.4+5654 321.937292   56.944361    0601741901     0.0144     0.765    PrimeFullWindow   Medium   1.33333         558.0    16633.91992   0.03354591116  
  SWIFTJ2127.4+5654 321.937292   56.944361    0655450101     0.0144     0.765    PrimePartialW2    Thin1    1.11111         2634.0   110065.2969   0.02393124877  
  SWIFTJ2127.4+5654 321.937292   56.944361    0693781701     0.0144     0.765    PrimePartialW2    Medium   1.11111         2305.0   129170.2969   0.01784465977  
  SWIFTJ2127.4+5654 321.937292   56.944361    0693781801     0.0144     0.765    PrimePartialW2    Medium   1.11111         2044.0   120932.6016   0.01690197659  
  SWIFTJ2127.4+5654 321.937292   56.944361    0693781901     0.0144     0.765    PrimePartialW2    Medium   1.05482         1509.0   70096.3125    0.02152752329  
  1H1934-063        294.387542   -6.218       0550451701     0.0102     0.106    PrimeFullWindow   Medium   0.915896        755.0    17239.56055   0.04379461982  
  1H1934-063        294.387542   -6.218       0761870201     0.0102     0.106    PrimePartialW2    Thin1    1.11111         19.0     289.3534851   0.06566362936  
  NGC2992           146.425211   -14.326382   0147920301     0.00771    0.0487   PrimeFullWindow   Medium   1.33333         332.0    23509.61914   0.01412187913  
  NGC2992           146.425211   -14.326382   0654910301     0.00771    0.0487   PrimePartialW2    Medium   0.895085        1285.0   42686.25      0.03010337052  
  NGC2992           146.425211   -14.326382   0654910401     0.00771    0.0487   PrimePartialW2    Medium   0.905504        1132.0   59653.46094   0.01897626696  
  NGC2992           146.425211   -14.326382   0654910501     0.00771    0.0487   PrimePartialW2    Medium   1.05096         991.0    50421.69141   0.01965423952  
  NGC2992           146.425211   -14.326382   0654910601     0.00771    0.0487   PrimePartialW2    Medium   0.875364        1693.0   51762.03125   0.03270737178  
  NGC2992           146.425211   -14.326382   0654910701     0.00771    0.0487   PrimePartialW2    Medium   0.984447        932.0    54768.83984   0.01701697539  
  NGC2992           146.425211   -14.326382   0654910801     0.00771    0.0487   PrimePartialW2    Medium   0.880466        991.0    54695.48828   0.01811849626  
  NGC2992           146.425211   -14.326382   0654910901     0.00771    0.0487   PrimePartialW2    Medium   0.906548        975.0    48072.60156   0.02028182308  
  NGC2992           146.425211   -14.326382   0654911001     0.00771    0.0487   PrimePartialW2    Medium   0.991401        1300.0   58979.28906   0.02204163564  
  NGC2992           146.425211   -14.326382   0701780101     0.00771    0.0487   PrimePartialW2    Medium   0.909378        221.0    12895.59961   0.01713762886  
