  name              ra_Deg       dec_Deg      OBS_ID         redshift   nh_gal   SUBMODE                   FILTER   radius_arcmin   counts    exposure      count_rate     
  1H0707-495        107.172907   -49.551915   0110890201     0.04057    0.0431   PrimeFullWindow           Medium   1.14739         1728.0    35926.57812   0.0480980959   
  1H0707-495        107.172907   -49.551915   0148010301     0.04057    0.0431   PrimeFullWindow           Medium   1.33333         4659.0    67988.72656   0.06852606653  
  1H0707-495        107.172907   -49.551915   0506200201     0.04057    0.0431   PrimeLargeWindow          Medium   1.25427         3211.0    26842.75      0.1196226169   
  1H0707-495        107.172907   -49.551915   0506200301     0.04057    0.0431   PrimeLargeWindow          Medium   1.33333         3027.0    35789.26953   0.08457842363  
  1H0707-495        107.172907   -49.551915   0506200401     0.04057    0.0431   PrimeLargeWindow          Medium   1.26282         1917.0    14734.25      0.1301050274   
  1H0707-495        107.172907   -49.551915   0511580101     0.04057    0.0431   PrimeLargeWindow          Medium   1.33333         10921.0   99539.60938   0.1097151181   
  1H0707-495        107.172907   -49.551915   0511580201     0.04057    0.0431   PrimeLargeWindow          Medium   1.33333         7855.0    66409.50781   0.1182812561   
  1H0707-495        107.172907   -49.551915   0511580301     0.04057    0.0431   PrimeLargeWindow          Medium   1.33333         6635.0    59765.73047   0.1110167976   
  1H0707-495        107.172907   -49.551915   0511580401     0.04057    0.0431   PrimeLargeWindow          Medium   1.33333         6821.0    66530.03125   0.1025251285   
  1H0707-495        107.172907   -49.551915   0554710801     0.04057    0.0431   PrimeLargeWindow          Medium   1.10368         4138.0    64485.69141   0.06416927399  
  1H0707-495        107.172907   -49.551915   0653510301     0.04057    0.0431   PrimeLargeWindow          Medium   1.33333         9698.0    103511.7969   0.09368980438  
  1H0707-495        107.172907   -49.551915   0653510401     0.04057    0.0431   PrimeLargeWindow          Medium   1.14759         8302.0    101983.2031   0.08140556234  
  1H0707-495        107.172907   -49.551915   0653510501     0.04057    0.0431   PrimeLargeWindow          Medium   1.20762         7411.0    95744.92188   0.07740358293  
  1H0707-495        107.172907   -49.551915   0653510601     0.04057    0.0431   PrimeLargeWindow          Medium   1.33333         9559.0    97635.22656   0.09790523704  
  Ark564            340.663939   29.725364    0006810101     0.02468    0.0534   PrimeSmallWindow          Medium   1.09267         5227.0    7446.478027   0.7019425802   
  Ark564            340.663939   29.725364    0006810301     0.02468    0.0534   PrimeSmallWindow          Medium   1.0943          5703.0    7039.005859   0.8101996381   
  Ark564            340.663939   29.725364    0206400101     0.02468    0.0534   PrimeSmallWindow          Medium   0.913363        17968.0   69150.8125    0.2598378725   
  Ark564            340.663939   29.725364    0670130201     0.02468    0.0534   PrimeSmallWindow          Thin1    1.06503         26438.0   41392.48047   0.6387150444   
  Ark564            340.663939   29.725364    0670130301     0.02468    0.0534   PrimeSmallWindow          Thin1    1.03735         22091.0   38807.41016   0.5692469534   
  Ark564            340.663939   29.725364    0670130401     0.02468    0.0534   PrimeSmallWindow          Thin1    0.978459        22645.0   38471.37109   0.5886195203   
  Ark564            340.663939   29.725364    0670130501     0.02468    0.0534   PrimeSmallWindow          Thin1    1.05876         30502.0   46845.76953   0.651115358    
  Ark564            340.663939   29.725364    0670130601     0.02468    0.0534   PrimeSmallWindow          Thin1    1.01234         32836.0   41668.69922   0.7880255591   
  Ark564            340.663939   29.725364    0670130701     0.02468    0.0534   PrimeSmallWindow          Thin1    1.09624         17215.0   32341.93945   0.5322810039   
  Ark564            340.663939   29.725364    0670130801     0.02468    0.0534   PrimeSmallWindow          Thin1    1.0163          15293.0   40496.87891   0.3776340403   
  Ark564            340.663939   29.725364    0670130901     0.02468    0.0534   PrimeSmallWindow          Thin1    1.0             15864.0   38678.96875   0.4101453713   
  ESO113-G010       16.319708    -58.437278   0301890101     0.0257     0.0208   PrimeFullWindow           Medium   1.33333         7051.0    77389.60938   0.09111042241  
  ESO362-G18        79.89916     -32.657585   0610180101     0.01244    0.0175   PrimeSmallWindow          Thin1    1.06482         14653.0   52505.69141   0.2790745081   
  ESO362-G18        79.89916     -32.657585   0790810101     0.01244    0.0175   PrimeSmallWindow          Thin1    1.10972         20266.0   83479.67188   0.2427656883   
  ESO511-G030       214.843417   -26.644722   0502090201     0.02239    0.0469   PrimeSmallWindow          Thin1    1.03528         25107.0   76147.0625    0.3297172494   
  IC4329A           207.330276   -30.309436   0101040401     0.01605    0.0461   PrimeFullWindow           Medium   1.33333         59.0      220.652298    0.2673890122   
  IC4329A           207.330276   -30.309436   0147440101     0.01605    0.0461   PrimeSmallWindow          Thin1    0.906569        34763.0   82913.35156   0.4192690242   
  IC4329A           207.330276   -30.309436   0800760801     0.01605    0.0461   PrimeFullWindow           Medium   0.949926        678.0     4764.832031   0.142292529    
  IRAS05078+1626    77.689622    16.498847    0502090501     0.01788    0.188    PrimeSmallWindow          Thin1    1.01086         11657.0   40091.30078   0.2907613316   
  IRAS13224-3809    201.330743   -38.414632   0110890101     0.0658     0.0534   PrimeFullWindow           Medium   1.33333         5027.0    49653.10938   0.1012424008   
  IRAS13224-3809    201.330743   -38.414632   0673580101     0.0658     0.0534   PrimeFullWindow           Thin1    1.33333         7525.0    50124.44922   0.1501263379   
  IRAS13224-3809    201.330743   -38.414632   0673580201     0.0658     0.0534   PrimeLargeWindow          Thin1    1.33333         11032.0   72382.22656   0.1524131064   
  IRAS13224-3809    201.330743   -38.414632   0673580301     0.0658     0.0534   PrimeLargeWindow          Thin1    1.31505         10256.0   72627.17188   0.1412143656   
  IRAS13224-3809    201.330743   -38.414632   0673580401     0.0658     0.0534   PrimeLargeWindow          Thin1    1.23905         12850.0   101794.5      0.126234718    
  IRAS13224-3809    201.330743   -38.414632   0780560101     0.0658     0.0534   PrimeLargeWindow          Thin1    1.33333         2540.0    17665.85938   0.143780155    
  IRAS13224-3809    201.330743   -38.414632   0780560101_1   0.0658     0.0534   PrimeLargeWindow          Thin1    1.33333         6197.0    35613.96094   0.1740047958   
  IRAS13224-3809    201.330743   -38.414632   0780561301     0.0658     0.0534   PrimeLargeWindow          Thin1    1.33333         16691.0   121994.2969   0.1368178712   
  IRAS13224-3809    201.330743   -38.414632   0780561401     0.0658     0.0534   PrimeLargeWindow          Thin1    1.33333         12041.0   77876.53906   0.1546165269   
  IRAS13224-3809    201.330743   -38.414632   0780561401_1   0.0658     0.0534   PrimeLargeWindow          Thin1    1.33333         4901.0    35566.46094   0.1377983603   
  IRAS13224-3809    201.330743   -38.414632   0780561501     0.0658     0.0534   PrimeLargeWindow          Thin1    1.33333         18228.0   119774.2031   0.15218636     
  IRAS13224-3809    201.330743   -38.414632   0780561601     0.0658     0.0534   PrimeLargeWindow          Thin1    1.33333         16840.0   118046.7969   0.1426552896   
  IRAS13224-3809    201.330743   -38.414632   0780561701     0.0658     0.0534   PrimeLargeWindow          Thin1    1.33333         16585.0   117215.1016   0.1414920072   
  IRAS13224-3809    201.330743   -38.414632   0792180101     0.0658     0.0534   PrimeLargeWindow          Thin1    1.29135         15465.0   122683.5      0.1260560711   
  IRAS13224-3809    201.330743   -38.414632   0792180201     0.0658     0.0534   PrimeLargeWindow          Thin1    1.1125          11119.0   119728.7969   0.09286821792  
  IRAS13224-3809    201.330743   -38.414632   0792180301     0.0658     0.0534   PrimeLargeWindow          Thin1    1.25953         14443.0   108285.5      0.1333788919   
  IRAS13224-3809    201.330743   -38.414632   0792180401     0.0658     0.0534   PrimeLargeWindow          Thin1    1.33333         15722.0   108047.0      0.14551075     
  IRAS13224-3809    201.330743   -38.414632   0792180501     0.0658     0.0534   PrimeLargeWindow          Thin1    1.15488         10985.0   111750.1016   0.09829968695  
  IRAS13224-3809    201.330743   -38.414632   0792180601     0.0658     0.0534   PrimeLargeWindow          Thin1    1.33333         16123.0   115902.2969   0.139108546    
  IRAS13349+2438    204.328028   24.384272    0096010101     0.10764    0.0102   PrimeSmallWindow          Thin1    0.916053        3387.0    29462.86914   0.1149582542   
  IRAS13349+2438    204.328028   24.384272    0402080201     0.10764    0.0102   PrimeSmallWindow          Thin1    1.05326         7339.0    24968.30078   0.2939326975   
  IRAS13349+2438    204.328028   24.384272    0402080301     0.10764    0.0102   PrimeSmallWindow          Thin1    1.00018         13853.0   44810.30859   0.3091476143   
  IRAS13349+2438    204.328028   24.384272    0402080801     0.10764    0.0102   PrimeSmallWindow          Thin1    1.02805         4430.0    9548.351562   0.4639544293   
  IRAS17020+4544    255.876596   45.679769    0206860101     0.0604     0.0201   PrimeSmallWindow          Medium   1.00406         2261.0    13388.63965   0.168874513    
  IRAS17020+4544    255.876596   45.679769    0206860201     0.0604     0.0201   PrimeSmallWindow          Medium   0.971811        6836.0    11985.62012   0.5703501307   
  IRAS17020+4544    255.876596   45.679769    0721220101     0.0604     0.0201   PrimeSmallWindow          Medium   0.992005        19035.0   56193.85938   0.3387380794   
  IRAS17020+4544    255.876596   45.679769    0721220301     0.0604     0.0201   PrimeSmallWindow          Medium   1.08026         16363.0   57737.01172   0.2834057308   
  IRAS18325-5926    279.242875   -59.402389   0724820101     0.02002    0.0647   PrimeSmallWindow          Thin1    0.989825        16099.0   75679.95312   0.2127247618   
  IRAS18325-5926    279.242875   -59.402389   0724820201     0.02002    0.0647   PrimeSmallWindow          Thin1    1.07911         19479.0   69759.29688   0.2792315988   
  IRAS18325-5926    279.242875   -59.402389   0795690101     0.02002    0.0647   PrimeSmallWindow          Thin1    1.03706         11397.0   36077.55859   0.3159027507   
  IZW1              13.395585    12.69339     0110890301     0.0589     0.0476   PrimeLargeWindow          Medium   1.33333         1222.0    18166.0293    0.06726841513  
  IZW1              13.395585    12.69339     0300470101     0.0589     0.0476   PrimeSmallWindow          Medium   1.06844         17694.0   57912.46875   0.3055300591   
  IZW1              13.395585    12.69339     0743050301     0.0589     0.0476   PrimeSmallWindow          Thin1    1.09707         6901.0    19961.63086   0.345713236    
  IZW1              13.395585    12.69339     0743050301_1   0.0589     0.0476   PrimeSmallWindow          Thin1    0.977301        2620.0    15561.54004   0.168363799    
  IZW1              13.395585    12.69339     0743050301_2   0.0589     0.0476   PrimeSmallWindow          Thin1    1.0             2732.0    14352.2002    0.1903540895   
  IZW1              13.395585    12.69339     0743050301_3   0.0589     0.0476   PrimeSmallWindow          Thin1    1.0             2334.0    14353.08984   0.1626130698   
  IZW1              13.395585    12.69339     0743050301_4   0.0589     0.0476   PrimeSmallWindow          Thin1    1.08816         6694.0    25956.81055   0.2578899279   
  IZW1              13.395585    12.69339     0743050801     0.0589     0.0476   PrimeSmallWindow          Thin1    1.11111         6419.0    19801.75      0.3241632684   
  IZW1              13.395585    12.69339     0743050801_2   0.0589     0.0476   PrimeSmallWindow          Thin1    1.0             4340.0    14003.33984   0.309926064    
  IZW1              13.395585    12.69339     0743050801_4   0.0589     0.0476   PrimeSmallWindow          Thin1    1.02916         5369.0    19815.41016   0.2709507377   
  MCG-02-14-009     79.088244    -10.561505   0550640101     0.02845    0.0924   PrimeLargeWindow          Medium   1.14541         5927.0    62859.66016   0.09428940572  
  MCG-5-23-16       146.917319   -30.948734   0112830301     0.00849    0.087    PrimeFullWindow           Medium   1.33333         446.0     5545.973145   0.08041870892  
  MCG-5-23-16       146.917319   -30.948734   0112830401     0.00849    0.087    PrimeFullWindow           Medium   1.33333         1374.0    18852.28906   0.07288239616  
  MCG-5-23-16       146.917319   -30.948734   0302850201     0.00849    0.087    PrimeLargeWindow          Medium   1.33333         8651.0    96592.36719   0.08956194213  
  MCG-5-23-16       146.917319   -30.948734   0727960101     0.00849    0.087    PrimeSmallWindow          Thin1    1.11111         44256.0   90486.78125   0.4890880125   
  MCG-5-23-16       146.917319   -30.948734   0727960201     0.00849    0.087    PrimeSmallWindow          Thin1    1.11111         36683.0   93100.15625   0.3940165245   
  MCG-6-30-15       203.973778   -34.295538   0029740101     0.00775    0.0392   PrimeSmallWindow          Medium   0.989166        19049.0   55280.58984   0.3445874954   
  MCG-6-30-15       203.973778   -34.295538   0029740701     0.00775    0.0392   PrimeSmallWindow          Medium   1.00862         31529.0   85636.95312   0.3681705017   
  MCG-6-30-15       203.973778   -34.295538   0029740801     0.00775    0.0392   PrimeSmallWindow          Medium   0.991172        22120.0   86847.5       0.2546993293   
  MCG-6-30-15       203.973778   -34.295538   0111570101     0.00775    0.0392   PrimeSmallWindow          Medium   1.00745         5829.0    28826.73047   0.2022081556   
  MCG-6-30-15       203.973778   -34.295538   0111570201     0.00775    0.0392   PrimeSmallWindow          Medium   1.09015         14002.0   37082.46094   0.3775909054   
  MCG-6-30-15       203.973778   -34.295538   0693781201     0.00775    0.0392   PrimeSmallWindow          Medium   0.980268        32966.0   91376.78125   0.360769985    
  MCG-6-30-15       203.973778   -34.295538   0693781301     0.00775    0.0392   PrimeSmallWindow          Medium   1.053           30517.0   91234.64062   0.3344891786   
  MCG-6-30-15       203.973778   -34.295538   0693781401     0.00775    0.0392   PrimeSmallWindow          Medium   1.09479         27882.0   32775.55859   0.8506948835   
  Mrk1040           37.060317    31.311658    0554990101     0.01665    0.0663   PrimeLargeWindow          Thin1    1.33333         7751.0    65155.57812   0.1189614185   
  Mrk1040           37.060317    31.311658    0760530201     0.01665    0.0663   PrimeLargeWindow          Thin1    1.33333         7583.0    84452.09375   0.08979055063  
  Mrk1040           37.060317    31.311658    0760530301     0.01665    0.0663   PrimeLargeWindow          Thin1    1.33333         6719.0    70428.82812   0.095401275    
  Mrk205            185.434254   75.310787    0124110101     0.07085    0.028    PrimeFullWindow           Medium   1.33333         990.0     15243.25      0.06494677972  
  Mrk205            185.434254   75.310787    0124110101_1   0.07085    0.028    PrimeLargeWindow          Medium   1.33333         2638.0    15131.2998    0.1743406075   
  Mrk205            185.434254   75.310787    0124110101_2   0.07085    0.028    PrimeFullWindowExtended   Medium   1.33333         240.0     1774.035034   0.1352848142   
  Mrk205            185.434254   75.310787    0401240201     0.07085    0.028    PrimeLargeWindow          Thin1    1.33333         3640.0    28204.78906   0.1290560972   
  Mrk205            185.434254   75.310787    0401240301     0.07085    0.028    PrimeLargeWindow          Thin1    1.33333         3265.0    19908.50977   0.1640002209   
  Mrk205            185.434254   75.310787    0401240501     0.07085    0.028    PrimeLargeWindow          Thin1    1.33333         5161.0    35140.39062   0.1468680316   
  Mrk335            1.581339     20.202914    0101040101     0.02578    0.0356   PrimeFullWindow           Medium   1.33333         1932.0    27830.67969   0.06941979218  
  Mrk335            1.581339     20.202914    0306870101     0.02578    0.0356   PrimeSmallWindow          Thin1    0.96201         29593.0   89677.14062   0.3299949106   
  Mrk335            1.581339     20.202914    0510010701     0.02578    0.0356   PrimeLargeWindow          Thin1    1.33333         1423.0    15532.16992   0.09161630391  
  Mrk335            1.581339     20.202914    0600540501     0.02578    0.0356   PrimeFullWindow           Thin1    1.33333         5693.0    52536.87891   0.1083619758   
  Mrk335            1.581339     20.202914    0600540601     0.02578    0.0356   PrimeFullWindow           Thin1    1.33333         8405.0    75491.49219   0.1113370495   
  Mrk335            1.581339     20.202914    0741280201     0.02578    0.0356   PrimeFullWindow           Thin1    1.33333         4174.0    35789.51172   0.1166263466   
  Mrk586            31.957767    2.715447     0048740101     0.15554    0.0294   PrimeFullWindow           Thin1    1.33333         517.0     4245.543945   0.1217747376   
  Mrk704            139.608356   16.305339    0300240101     0.02923    0.0297   PrimeSmallWindow          Medium   0.950223        5566.0    14830.0       0.3753202967   
  Mrk704            139.608356   16.305339    0502091601     0.02923    0.0297   PrimeSmallWindow          Thin1    1.08414         26886.0   66354.9375    0.4051846179   
  Mrk766            184.610456   29.812872    0096020101     0.01293    0.0178   PrimeSmallWindow          Medium   0.959017        4345.0    25544.0293    0.1700984582   
  Mrk766            184.610456   29.812872    0109141301     0.01293    0.0178   PrimeSmallWindow          Medium   0.946284        36682.0   88172.77344   0.4160241146   
  Mrk766            184.610456   29.812872    0304030101     0.01293    0.0178   PrimeSmallWindow          Medium   1.04819         29676.0   65263.33984   0.4547116355   
  Mrk766            184.610456   29.812872    0304030301     0.01293    0.0178   PrimeSmallWindow          Medium   1.03923         20562.0   68938.07812   0.2982676709   
  Mrk766            184.610456   29.812872    0304030401     0.01293    0.0178   PrimeSmallWindow          Medium   1.00057         14877.0   65767.46094   0.2262060871   
  Mrk766            184.610456   29.812872    0304030501     0.01293    0.0178   PrimeSmallWindow          Medium   1.05326         17160.0   64526.35938   0.2659378302   
  Mrk766            184.610456   29.812872    0304030601     0.01293    0.0178   PrimeSmallWindow          Medium   0.989673        17350.0   60627.85938   0.2861720697   
  Mrk766            184.610456   29.812872    0304030701     0.01293    0.0178   PrimeSmallWindow          Medium   1.09318         13723.0   20088.73047   0.6831193251   
  Mrk766            184.610456   29.812872    0763790401     0.01293    0.0178   PrimeFullWindow           Thin1    1.33333         2756.0    19511.36914   0.1412509794   
  Mrk841            226.005003   10.43782     0070740101     0.03642    0.0222   PrimeSmallWindow          Thin1    1.06968         1963.0    7644.520996   0.2567852192   
  Mrk841            226.005003   10.43782     0070740301     0.03642    0.0222   PrimeSmallWindow          Thin1    0.915896        2343.0    9298.988281   0.2519628941   
  Mrk841            226.005003   10.43782     0205340201     0.03642    0.0222   PrimeSmallWindow          Thin1    1.12147         26846.0   29908.50977   0.8976040669   
  Mrk841            226.005003   10.43782     0205340401     0.03642    0.0222   PrimeSmallWindow          Thin1    1.03798         8149.0    17448.71094   0.467025904    
  Mrk841            226.005003   10.43782     0763790501     0.03642    0.0222   PrimeFullWindow           Thin1    1.33333         2155.0    13794.19043   0.1562251885   
  MS22549-3712      344.412703   -36.935003   0205390101     0.039      0.0112   PrimeSmallWindow          Medium   0.999019        19268.0   43358.98047   0.4443831426   
  MS22549-3712      344.412703   -36.935003   0748391001     0.039      0.0112   PrimeFullWindow           Thin1    1.33333         7490.0    67021.36719   0.1117554045   
  NGC1365           53.401548    -36.140402   0151370101     0.00546    0.0134   PrimeFullWindow           Medium   1.33333         1380.0    14309.04004   0.09644252838  
  NGC1365           53.401548    -36.140402   0205590301     0.00546    0.0134   PrimeFullWindow           Medium   1.33333         4046.0    49650.82031   0.08148908668  
  NGC1365           53.401548    -36.140402   0205590401     0.00546    0.0134   PrimeFullWindow           Medium   1.33333         1029.0    8010.878906   0.1284503251   
  NGC1365           53.401548    -36.140402   0505140201     0.00546    0.0134   PrimeFullWindow           Medium   1.33333         3966.0    40981.07812   0.0967763705   
  NGC1365           53.401548    -36.140402   0505140401     0.00546    0.0134   PrimeFullWindow           Medium   1.33333         7147.0    68923.39062   0.1036948405   
  NGC1365           53.401548    -36.140402   0505140501     0.00546    0.0134   PrimeFullWindow           Medium   1.33333         4133.0    40740.03125   0.1014481303   
  NGC1365           53.401548    -36.140402   0692840201     0.00546    0.0134   PrimeFullWindow           Medium   1.33333         10037.0   105149.6016   0.09545447487  
  NGC1365           53.401548    -36.140402   0692840301     0.00546    0.0134   PrimeFullWindow           Medium   1.33333         8963.0    92907.38281   0.0964724194   
  NGC1365           53.401548    -36.140402   0692840401     0.00546    0.0134   PrimeFullWindow           Medium   1.33333         7578.0    89348.52344   0.08481393658  
  NGC1365           53.401548    -36.140402   0692840401_1   0.00546    0.0134   PrimeFullWindow           Medium   1.33333         374.0     1715.112061   0.2180615533   
  NGC1365           53.401548    -36.140402   0692840501     0.00546    0.0134   PrimeFullWindow           Medium   1.33333         8786.0    101435.1016   0.08661695867  
  NGC3227           155.877412   19.86505     0101040301     0.00386    0.0199   PrimeFullWindow           Medium   1.33333         2751.0    29610.83984   0.0929051663   
  NGC3227           155.877412   19.86505     0400270101     0.00386    0.0199   PrimeLargeWindow          Medium   1.33333         9424.0    93530.53125   0.1007585424   
  NGC3227           155.877412   19.86505     0782520201     0.00386    0.0199   PrimeSmallWindow          Medium   1.11111         15542.0   36207.69922   0.4292457222   
  NGC3227           155.877412   19.86505     0782520201_1   0.00386    0.0199   PrimeSmallWindow          Medium   1.05671         3462.0    14529.84961   0.2382681234   
  NGC3227           155.877412   19.86505     0782520301     0.00386    0.0199   PrimeSmallWindow          Medium   1.11111         25045.0   44136.14062   0.5674487992   
  NGC3227           155.877412   19.86505     0782520401     0.00386    0.0199   PrimeSmallWindow          Medium   1.11111         28862.0   56811.57031   0.5080303157   
  NGC3227           155.877412   19.86505     0782520501     0.00386    0.0199   PrimeSmallWindow          Medium   1.11111         20796.0   48435.10156   0.4293580343   
  NGC3227           155.877412   19.86505     0782520601     0.00386    0.0199   PrimeSmallWindow          Medium   1.11111         21386.0   59605.07812   0.3587949328   
  NGC3227           155.877412   19.86505     0782520701     0.00386    0.0199   PrimeSmallWindow          Medium   1.11111         24988.0   53968.23828   0.4630130758   
  NGC3516           166.697876   72.568577    0107460601     0.00884    0.0345   PrimeSmallWindow          Thin1    1.06077         78671.0   63486.0       1.239186592    
  NGC3516           166.697876   72.568577    0107460701     0.00884    0.0345   PrimeSmallWindow          Thin1    1.0888          24782.0   87913.61719   0.2818903464   
  NGC3516           166.697876   72.568577    0401210401     0.00884    0.0345   PrimeSmallWindow          Thin1    1.08263         24649.0   36212.41016   0.6806782507   
  NGC3516           166.697876   72.568577    0401210501     0.00884    0.0345   PrimeSmallWindow          Thin1    1.01038         22786.0   45230.73828   0.5037724536   
  NGC3516           166.697876   72.568577    0401210601     0.00884    0.0345   PrimeSmallWindow          Thin1    1.00037         15885.0   46763.57812   0.339687437    
  NGC3516           166.697876   72.568577    0401211001     0.00884    0.0345   PrimeSmallWindow          Thin1    1.06183         24980.0   38989.12109   0.6406915391   
  NGC3783           174.757342   -37.73867    0112210101     0.00973    0.0991   PrimeSmallWindow          Medium   1.0983          6762.0    26069.2793    0.2593857668   
  NGC3783           174.757342   -37.73867    0112210201     0.00973    0.0991   PrimeSmallWindow          Medium   0.951734        5644.0    39550.57031   0.1427033784   
  NGC3783           174.757342   -37.73867    0112210201_1   0.00973    0.0991   PrimeSmallWindow          Medium   1.04167         14397.0   50497.66016   0.2851023187   
  NGC3783           174.757342   -37.73867    0112210501     0.00973    0.0991   PrimeSmallWindow          Medium   1.09528         27146.0   92839.29688   0.2923977337   
  NGC3783           174.757342   -37.73867    0780860901     0.00973    0.0991   PrimeSmallWindow          Thin1    1.11111         29881.0   66138.64844   0.4517933267   
  NGC3783           174.757342   -37.73867    0780861001     0.00973    0.0991   PrimeSmallWindow          Thin1    1.11111         14972.0   31020.17969   0.4826535549   
  NGC4051           180.79006    44.531334    0109141401     0.00234    0.0115   PrimeSmallWindow          Medium   1.11149         55327.0   72782.89062   0.7601649168   
  NGC4051           180.79006    44.531334    0157560101     0.00234    0.0115   PrimeLargeWindow          Medium   1.33333         3165.0    42375.73047   0.07468897798  
  NGC4051           180.79006    44.531334    0606320101     0.00234    0.0115   PrimeSmallWindow          Medium   0.920875        18339.0   31407.06055   0.5839132883   
  NGC4051           180.79006    44.531334    0606320201     0.00234    0.0115   PrimeSmallWindow          Medium   1.05269         34822.0   29106.03906   1.196384019    
  NGC4051           180.79006    44.531334    0606320301     0.00234    0.0115   PrimeSmallWindow          Medium   1.0986          11028.0   15810.83008   0.6974965859   
  NGC4051           180.79006    44.531334    0606320401     0.00234    0.0115   PrimeSmallWindow          Medium   1.08279         9558.0    15093.61035   0.6332480949   
  NGC4051           180.79006    44.531334    0606321301     0.00234    0.0115   PrimeSmallWindow          Medium   1.07975         27882.0   21047.31055   1.324729824    
  NGC4051           180.79006    44.531334    0606321401     0.00234    0.0115   PrimeSmallWindow          Medium   0.92338         13470.0   26547.0293    0.5074014064   
  NGC4051           180.79006    44.531334    0606321501     0.00234    0.0115   PrimeSmallWindow          Medium   0.998348        24721.0   22481.40039   1.099620111    
  NGC4051           180.79006    44.531334    0606321601     0.00234    0.0115   PrimeSmallWindow          Medium   0.909829        13104.0   29048.21094   0.4511121194   
  NGC4051           180.79006    44.531334    0606321701     0.00234    0.0115   PrimeSmallWindow          Medium   1.00187         18243.0   26826.0       0.680049206    
  NGC4051           180.79006    44.531334    0606321801     0.00234    0.0115   PrimeSmallWindow          Medium   1.04081         8019.0    14560.33008   0.5507430091   
  NGC4051           180.79006    44.531334    0606321901     0.00234    0.0115   PrimeSmallWindow          Medium   1.12294         32898.0   24597.84961   1.337433984    
  NGC4051           180.79006    44.531334    0606322001     0.00234    0.0115   PrimeSmallWindow          Medium   1.0983          33099.0   20518.84961   1.61310213     
  NGC4051           180.79006    44.531334    0606322101     0.00234    0.0115   PrimeSmallWindow          Medium   1.03766         27344.0   24666.81055   1.108534074    
  NGC4051           180.79006    44.531334    0606322201     0.00234    0.0115   PrimeSmallWindow          Medium   1.0002          15389.0   23455.42969   0.6560954203   
  NGC4051           180.79006    44.531334    0606322301     0.00234    0.0115   PrimeSmallWindow          Medium   1.05326         19749.0   29408.4707    0.67154121     
  NGC4151           182.635745   39.40573     0112310101     0.00332    0.023    PrimeSmallWindow          Medium   0.951231        2365.0    21011.36914   0.11255811     
  NGC4151           182.635745   39.40573     0112830201     0.00332    0.023    PrimeFullWindow           Medium   1.33333         4028.0    50879.64062   0.07916722584  
  NGC4151           182.635745   39.40573     0112830501     0.00332    0.023    PrimeFullWindow           Medium   1.33333         1369.0    17590.32031   0.07782689432  
  NGC4151           182.635745   39.40573     0143500101     0.00332    0.023    PrimeSmallWindow          Medium   1.00913         6356.0    11227.46973   0.5661115242   
  NGC4151           182.635745   39.40573     0143500201     0.00332    0.023    PrimeSmallWindow          Medium   0.915896        4998.0    12661.0498    0.3947539957   
  NGC4151           182.635745   39.40573     0143500301     0.00332    0.023    PrimeSmallWindow          Medium   1.05235         4369.0    12702.00977   0.3439613164   
  NGC4151           182.635745   39.40573     0402660101     0.00332    0.023    PrimeSmallWindow          Medium   1.02876         10616.0   27979.25      0.3794240375   
  NGC4151           182.635745   39.40573     0402660201     0.00332    0.023    PrimeSmallWindow          Medium   1.08389         8671.0    23129.23047   0.3748935794   
  NGC4151           182.635745   39.40573     0679780201     0.00332    0.023    PrimeSmallWindow          Medium   1.10665         2554.0    8745.609375   0.2920322519   
  NGC4151           182.635745   39.40573     0761670101     0.00332    0.023    PrimeSmallWindow          Thin1    1.11111         10005.0   22832.58008   0.438189638    
  NGC4151           182.635745   39.40573     0761670201     0.00332    0.023    PrimeSmallWindow          Thin1    1.11111         8055.0    23982.01953   0.3358766341   
  NGC4151           182.635745   39.40573     0761670301     0.00332    0.023    PrimeSmallWindow          Thin1    1.11111         8719.0    30597.51953   0.2849577395   
  NGC4151           182.635745   39.40573     0761670401     0.00332    0.023    PrimeSmallWindow          Thin1    1.11111         10813.0   21965.36914   0.4922749047   
  NGC4151           182.635745   39.40573     0761670501     0.00332    0.023    PrimeSmallWindow          Thin1    1.11111         8507.0    26877.38086   0.3165114951   
  NGC4151           182.635745   39.40573     0761670601     0.00332    0.023    PrimeSmallWindow          Thin1    1.11111         8094.0    29868.06055   0.2709918171   
  NGC4151           182.635745   39.40573     0761670701     0.00332    0.023    PrimeSmallWindow          Thin1    1.11111         14333.0   29455.91016   0.4865916525   
  NGC4151           182.635745   39.40573     0761670801     0.00332    0.023    PrimeSmallWindow          Thin1    1.11111         13401.0   29814.58008   0.449478073    
  NGC4151           182.635745   39.40573     0761670901     0.00332    0.023    PrimeSmallWindow          Thin1    1.11111         8610.0    30448.13086   0.2827759786   
  NGC4395           186.453592   33.546928    0112521901     0.00106    0.0185   PrimeFullWindow           Thin1    1.33333         794.0     8962.541992   0.08859093778  
  NGC4395           186.453592   33.546928    0142830101     0.00106    0.0185   PrimeFullWindow           Medium   1.33333         6889.0    88617.46094   0.07773862992  
  NGC4395           186.453592   33.546928    0744010101     0.00106    0.0185   PrimeSmallWindow          Medium   1.11111         7935.0    36348.96094   0.2183006005   
  NGC4395           186.453592   33.546928    0744010201     0.00106    0.0185   PrimeSmallWindow          Medium   1.11111         16983.0   22376.60938   0.7589621696   
  NGC4593           189.914272   -5.344261    0059830101     0.009      0.0189   PrimeSmallWindow          Medium   1.0             12903.0   53248.28906   0.2423176449   
  NGC4593           189.914272   -5.344261    0109970101     0.009      0.0189   PrimeSmallWindow          Thin1    1.08465         8057.0    8304.188477   0.9702332772   
  NGC4593           189.914272   -5.344261    0740920201     0.009      0.0189   PrimeSmallWindow          Medium   1.11111         6534.0    16039.67969   0.4073647434   
  NGC4593           189.914272   -5.344261    0740920301     0.009      0.0189   PrimeSmallWindow          Medium   1.11111         7678.0    11829.05957   0.649079494    
  NGC4593           189.914272   -5.344261    0740920401     0.009      0.0189   PrimeSmallWindow          Medium   1.11111         4594.0    17159.23047   0.2677276238   
  NGC4593           189.914272   -5.344261    0740920501     0.009      0.0189   PrimeSmallWindow          Medium   1.11111         6246.0    15058.09961   0.4147933778   
  NGC4593           189.914272   -5.344261    0740920601     0.009      0.0189   PrimeSmallWindow          Medium   1.11111         12032.0   19866.64062   0.6056383778   
  NGC4593           189.914272   -5.344261    0784740101     0.009      0.0189   PrimeSmallWindow          Medium   1.11111         33734.0   98484.70312   0.3425303517   
  NGC4748           193.051917   -13.414722   0723100401     0.01463    0.0352   PrimeLargeWindow          Thin1    1.33333         3073.0    26313.56055   0.1167838915   
  NGC5506           213.31205    -3.207577    0013140101     0.00618    0.0408   PrimeLargeWindow          Medium   1.33333         1387.0    13510.67969   0.102659528    
  NGC5506           213.31205    -3.207577    0013140201     0.00618    0.0408   PrimeLargeWindow          Medium   1.33333         946.0     9934.625977   0.09522250785  
  NGC5506           213.31205    -3.207577    0201830201     0.00618    0.0408   PrimeSmallWindow          Medium   0.976806        2506.0    14786.20996   0.169482241    
  NGC5506           213.31205    -3.207577    0201830301     0.00618    0.0408   PrimeSmallWindow          Medium   0.959153        2302.0    14000.29004   0.164425165    
  NGC5506           213.31205    -3.207577    0201830401     0.00618    0.0408   PrimeSmallWindow          Medium   0.94272         2361.0    13876.90039   0.1701388591   
  NGC5506           213.31205    -3.207577    0201830501     0.00618    0.0408   PrimeSmallWindow          Medium   1.0722          3557.0    14001.32031   0.2540474699   
  NGC5506           213.31205    -3.207577    0554170101     0.00618    0.0408   PrimeSmallWindow          Thin1    0.981889        30026.0   57945.98047   0.5181722659   
  NGC5506           213.31205    -3.207577    0554170201     0.00618    0.0408   PrimeSmallWindow          Thin1    0.945692        18165.0   62947.96094   0.2885716984   
  NGC5506           213.31205    -3.207577    0761220101     0.00618    0.0408   PrimeSmallWindow          Thin1    1.02172         15936.0   85539.45312   0.1862999986   
  NGC5548           214.498058   25.13679     0089960301     0.01717    0.0155   PrimeSmallWindow          Thin1    1.06755         26582.0   58232.39844   0.4564812838   
  NGC5548           214.498058   25.13679     0089960401     0.01717    0.0155   PrimeSmallWindow          Thin1    0.959153        5127.0    19728.40039   0.2598791538   
  NGC5548           214.498058   25.13679     0109960101     0.01717    0.0155   PrimeSmallWindow          Medium   0.972646        4476.0    16057.58008   0.2787468584   
  NGC5548           214.498058   25.13679     0720110301     0.01717    0.0155   PrimeSmallWindow          Thin1    0.95621         5173.0    35374.57812   0.1462349595   
  NGC5548           214.498058   25.13679     0720110401     0.01717    0.0155   PrimeSmallWindow          Thin1    1.02503         7566.0    38633.14062   0.1958422193   
  NGC5548           214.498058   25.13679     0720110501     0.01717    0.0155   PrimeSmallWindow          Thin1    0.999513        5645.0    38884.08984   0.145175058    
  NGC5548           214.498058   25.13679     0720110601     0.01717    0.0155   PrimeSmallWindow          Thin1    1.00109         6963.0    38853.35938   0.1792123027   
  NGC5548           214.498058   25.13679     0720110701     0.01717    0.0155   PrimeSmallWindow          Thin1    1.04139         6357.0    38886.58984   0.1634753787   
  NGC5548           214.498058   25.13679     0720110801     0.01717    0.0155   PrimeSmallWindow          Thin1    1.05326         8614.0    39583.64844   0.2176151098   
  NGC5548           214.498058   25.13679     0720110901     0.01717    0.0155   PrimeSmallWindow          Thin1    0.995557        6418.0    38878.17188   0.1650797785   
  NGC5548           214.498058   25.13679     0720111001     0.01717    0.0155   PrimeSmallWindow          Thin1    0.970392        6327.0    38875.48047   0.1627504001   
  NGC5548           214.498058   25.13679     0720111101     0.01717    0.0155   PrimeSmallWindow          Thin1    1.00406         8173.0    35517.48047   0.2301120432   
  NGC5548           214.498058   25.13679     0720111201     0.01717    0.0155   PrimeSmallWindow          Thin1    1.11123         7816.0    38877.14062   0.2010435921   
  NGC5548           214.498058   25.13679     0720111301     0.01717    0.0155   PrimeSmallWindow          Thin1    0.976442        5257.0    35337.98828   0.1487634202   
  NGC5548           214.498058   25.13679     0720111401     0.01717    0.0155   PrimeSmallWindow          Thin1    1.03761         7398.0    38874.23828   0.1903059797   
  NGC5548           214.498058   25.13679     0720111501     0.01717    0.0155   PrimeSmallWindow          Thin1    1.07175         13833.0   38729.58984   0.3571687708   
  NGC5548           214.498058   25.13679     0720111601     0.01717    0.0155   PrimeSmallWindow          Thin1    1.029           9575.0    38832.05859   0.2465746176   
  NGC5548           214.498058   25.13679     0771000101     0.01717    0.0155   PrimeSmallWindow          Thin1    1.11111         11283.0   24693.5293    0.4569213199   
  NGC5548           214.498058   25.13679     0771000201     0.01717    0.0155   PrimeSmallWindow          Thin1    1.11111         5004.0    22752.2793    0.219934009    
  NGC6860           302.195375   -61.100194   0552170301     0.01488    0.0315   PrimeFullWindow           Thin1    1.33333         4331.0    34483.69141   0.1255956025   
  NGC7314           338.942462   -26.050466   0111790101     0.00476    0.015    PrimeSmallWindow          Medium   0.905747        6248.0    30114.06055   0.2074778322   
  NGC7314           338.942462   -26.050466   0311190101     0.00476    0.015    PrimeFullWindow           Thin1    1.33333         5816.0    66615.39062   0.08730715148  
  NGC7314           338.942462   -26.050466   0725200101     0.00476    0.015    PrimeSmallWindow          Medium   0.957499        34867.0   87962.42969   0.3963851399   
  NGC7314           338.942462   -26.050466   0725200301     0.00476    0.015    PrimeSmallWindow          Medium   0.835186        9153.0    91511.89844   0.1000197806   
  NGC7314           338.942462   -26.050466   0790650101     0.00476    0.015    PrimeSmallWindow          Thin1    1.06018         16630.0   44474.32031   0.3739236459   
  NGC7469           345.815095   8.873997     0112170101     0.01632    0.0445   PrimeSmallWindow          Medium   0.92559         1992.0    12342.83008   0.1613892428   
  NGC7469           345.815095   8.873997     0112170301     0.01632    0.0445   PrimeSmallWindow          Medium   1.08679         6003.0    16200.23047   0.3705502839   
  NGC7469           345.815095   8.873997     0207090101     0.01632    0.0445   PrimeSmallWindow          Medium   1.11111         28998.0   59184.5       0.4899593644   
  NGC7469           345.815095   8.873997     0207090201     0.01632    0.0445   PrimeSmallWindow          Medium   1.01317         14241.0   55034.03906   0.2587671238   
  NGC7469           345.815095   8.873997     0760350201     0.01632    0.0445   PrimeSmallWindow          Thin1    1.11111         45182.0   59584.32812   0.7582866405   
  NGC7469           345.815095   8.873997     0760350301     0.01632    0.0445   PrimeSmallWindow          Thin1    1.11111         24221.0   58599.64844   0.4133301248   
  NGC7469           345.815095   8.873997     0760350401     0.01632    0.0445   PrimeSmallWindow          Thin1    1.11111         27423.0   50722.44922   0.5406481829   
  NGC7469           345.815095   8.873997     0760350501     0.01632    0.0445   PrimeSmallWindow          Thin1    1.11111         32094.0   59515.37109   0.5392556479   
  NGC7469           345.815095   8.873997     0760350601     0.01632    0.0445   PrimeSmallWindow          Thin1    1.11111         35680.0   56660.0       0.6297211437   
  NGC7469           345.815095   8.873997     0760350701     0.01632    0.0445   PrimeSmallWindow          Thin1    1.11111         38247.0   53808.30859   0.7108010082   
  NGC7469           345.815095   8.873997     0760350801     0.01632    0.0445   PrimeSmallWindow          Thin1    1.11111         42166.0   65624.86719   0.6425308242   
  PG1211+143        183.573625   14.053639    0112610101     0.0809     0.0274   PrimeLargeWindow          Medium   1.33333         5014.0    49016.14062   0.1022928353   
  PG1211+143        183.573625   14.053639    0208020101     0.0809     0.0274   PrimeLargeWindow          Thin1    1.33333         3041.0    33040.57031   0.09203836287  
  PG1211+143        183.573625   14.053639    0502050101     0.0809     0.0274   PrimeLargeWindow          Thin1    1.33333         4554.0    44025.80078   0.1034393451   
  PG1211+143        183.573625   14.053639    0502050201     0.0809     0.0274   PrimeLargeWindow          Thin1    1.33333         3128.0    26556.91016   0.1177847868   
  PG1211+143        183.573625   14.053639    0745110101     0.0809     0.0274   PrimeLargeWindow          Medium   1.33333         6264.0    77500.38281   0.08082540721  
  PG1211+143        183.573625   14.053639    0745110201     0.0809     0.0274   PrimeLargeWindow          Medium   1.33333         7334.0    89109.46094   0.08230326974  
  PG1211+143        183.573625   14.053639    0745110301     0.0809     0.0274   PrimeLargeWindow          Medium   1.33333         5666.0    64325.82812   0.08808281471  
  PG1211+143        183.573625   14.053639    0745110401     0.0809     0.0274   PrimeLargeWindow          Medium   1.33333         6955.0    86796.02344   0.08013039912  
  PG1211+143        183.573625   14.053639    0745110501     0.0809     0.0274   PrimeLargeWindow          Medium   1.33333         4094.0    51049.14062   0.08019723643  
  PG1211+143        183.573625   14.053639    0745110601     0.0809     0.0274   PrimeLargeWindow          Medium   1.33333         6968.0    85573.53906   0.08142704014  
  PG1211+143        183.573625   14.053639    0745110701     0.0809     0.0274   PrimeLargeWindow          Medium   1.33333         7051.0    88992.72656   0.07923119419  
  PG1244+026        191.646866   2.369108     0675320101     0.04818    0.0187   PrimeSmallWindow          Thin1    0.925926        20511.0   86410.57812   0.237366772    
  PG1244+026        191.646866   2.369108     0744440101     0.04818    0.0187   PrimeSmallWindow          Thin1    0.971014        22703.0   81096.97656   0.2799487843   
  PG1244+026        191.646866   2.369108     0744440201     0.04818    0.0187   PrimeSmallWindow          Thin1    0.958844        44334.0   75154.25781   0.5899066971   
  PG1244+026        191.646866   2.369108     0744440301     0.04818    0.0187   PrimeSmallWindow          Thin1    0.95519         63391.0   72921.24219   0.8693077367   
  PG1244+026        191.646866   2.369108     0744440401     0.04818    0.0187   PrimeSmallWindow          Thin1    1.03248         41193.0   81054.57031   0.5082131685   
  PG1244+026        191.646866   2.369108     0744440501     0.04818    0.0187   PrimeSmallWindow          Thin1    1.00295         23047.0   80484.88281   0.286351911    
  PKS0558-504       89.947417    -50.447889   0117500201     0.1372     0.0337   PrimeFullWindow           Thin2    1.46877         414.0     4309.472168   0.09606744953  
  PKS0558-504       89.947417    -50.447889   0117710601     0.1372     0.0337   PrimeFullWindow           Thin1    1.33333         670.0     13232.9502    0.05063118882  
  PKS0558-504       89.947417    -50.447889   0117710601_1   0.1372     0.0337   PrimeFullWindow           Thin2    1.5575          1000.0    12708.88965   0.0786850801   
  PKS0558-504       89.947417    -50.447889   0117710701     0.1372     0.0337   PrimeFullWindow           Thin2    1.33333         749.0     9825.733398   0.07622840653  
  PKS0558-504       89.947417    -50.447889   0119100301     0.1372     0.0337   PrimeFullWindow           Medium   1.33333         990.0     9117.525391   0.1085820941   
  PKS0558-504       89.947417    -50.447889   0120300801     0.1372     0.0337   PrimeSmallWindow          Thin1    0.881329        6586.0    15692.42969   0.4196928157   
  PKS0558-504       89.947417    -50.447889   0125110101_1   0.1372     0.0337   PrimeSmallWindow          Medium   1.04167         4170.0    6169.75       0.6758782771   
  PKS0558-504       89.947417    -50.447889   0129360201     0.1372     0.0337   PrimeSmallWindow          Thin1    0.892699        918.0     7503.991211   0.1223348981   
  PKS0558-504       89.947417    -50.447889   0137550201     0.1372     0.0337   PrimeFullWindow           Medium   1.33333         767.0     10423.28027   0.07358528025  
  PKS0558-504       89.947417    -50.447889   0137550601     0.1372     0.0337   PrimeFullWindow           Medium   1.33333         843.0     10143.37988   0.08310839284  
  PKS0558-504       89.947417    -50.447889   0555170201     0.1372     0.0337   PrimeSmallWindow          Thin1    0.909829        27120.0   78325.96875   0.3462453185   
  PKS0558-504       89.947417    -50.447889   0555170301     0.1372     0.0337   PrimeSmallWindow          Thin1    0.95621         35622.0   84881.40625   0.4196678822   
  PKS0558-504       89.947417    -50.447889   0555170401     0.1372     0.0337   PrimeSmallWindow          Thin1    0.898268        30007.0   86368.22656   0.3474310078   
  PKS0558-504       89.947417    -50.447889   0555170501     0.1372     0.0337   PrimeSmallWindow          Thin1    1.04513         29410.0   86747.27344   0.3390308287   
  PKS0558-504       89.947417    -50.447889   0555170601     0.1372     0.0337   PrimeSmallWindow          Thin1    0.891664        21659.0   79008.32812   0.2741356578   
  REJ1034+396       158.660829   39.641158    0109070101     0.04244    0.0131   PrimeLargeWindow          Thin1    1.33333         537.0     3510.840088   0.1529548446   
  REJ1034+396       158.660829   39.641158    0506440101     0.04244    0.0131   PrimeFullWindow           Thin1    1.33333         8188.0    68307.90625   0.1198689939   
  REJ1034+396       158.660829   39.641158    0561580201     0.04244    0.0131   PrimeSmallWindow          Thin1    0.936841        14058.0   38529.76953   0.3648607342   
  REJ1034+396       158.660829   39.641158    0655310101     0.04244    0.0131   PrimeSmallWindow          Thin1    0.953535        14385.0   22736.49023   0.6326834024   
  REJ1034+396       158.660829   39.641158    0655310201     0.04244    0.0131   PrimeSmallWindow          Thin1    0.865068        10057.0   29964.58008   0.3356295991   
  REJ1034+396       158.660829   39.641158    0675440101     0.04244    0.0131   PrimeSmallWindow          Thin1    0.952928        9991.0    19339.18945   0.5166193766   
  REJ1034+396       158.660829   39.641158    0675440301     0.04244    0.0131   PrimeSmallWindow          Thin1    0.939286        6014.0    16460.74023   0.3653541648   
  REJ1034+396       158.660829   39.641158    0824030101     0.04244    0.0131   PrimeSmallWindow          Thin1    0.822433        7568.0    50123.82812   0.1509860736   
  RXJ0136.9-3510    24.226667    -35.164444   0303340101     0.28903    0.0208   PrimeFullWindow           Thin1    1.33333         3475.0    37655.05078   0.09228509663  
  SWIFTJ2127.4+5654 321.937292   56.944361    0601741901     0.0144     0.765    PrimeFullWindow           Thin1    1.33333         645.0     5470.420898   0.1179068324   
  SWIFTJ2127.4+5654 321.937292   56.944361    0655450101     0.0144     0.765    PrimeSmallWindow          Thin1    1.11111         31847.0   84106.65625   0.3786501737   
  SWIFTJ2127.4+5654 321.937292   56.944361    0693781701     0.0144     0.765    PrimeSmallWindow          Medium   1.11111         27736.0   94448.42188   0.2936629268   
  SWIFTJ2127.4+5654 321.937292   56.944361    0693781801     0.0144     0.765    PrimeSmallWindow          Medium   1.11111         32746.0   93185.63281   0.3514061021   
  SWIFTJ2127.4+5654 321.937292   56.944361    0693781901     0.0144     0.765    PrimeSmallWindow          Medium   1.05482         14699.0   50054.35156   0.2936607816   
  1H1934-063        294.387542   -6.218       0550451701     0.0102     0.106    PrimeSmallWindow          Thin1    0.915896        5421.0    12240.24023   0.4428834644   
  1H1934-063        294.387542   -6.218       0761870201     0.0102     0.106    PrimeSmallWindow          Thin1    1.11111         34402.0   92904.86719   0.3702927634   
  NGC2992           146.425211   -14.326382   0147920301     0.00771    0.0487   PrimeFullWindow           Medium   1.33333         1583.0    19439.98047   0.08143012296  
  NGC2992           146.425211   -14.326382   0654910301     0.00771    0.0487   PrimeSmallWindow          Medium   0.895085        13810.0   40849.16016   0.338073046    
  NGC2992           146.425211   -14.326382   0654910401     0.00771    0.0487   PrimeSmallWindow          Medium   0.905504        5928.0    40300.42969   0.1470952058   
  NGC2992           146.425211   -14.326382   0654910501     0.00771    0.0487   PrimeSmallWindow          Medium   1.05096         13297.0   37946.89062   0.3504107921   
  NGC2992           146.425211   -14.326382   0654910601     0.00771    0.0487   PrimeSmallWindow          Medium   0.875364        8766.0    38709.92969   0.2264535242   
  NGC2992           146.425211   -14.326382   0654910701     0.00771    0.0487   PrimeSmallWindow          Medium   0.984447        7419.0    38833.60156   0.1910458907   
  NGC2992           146.425211   -14.326382   0654910801     0.00771    0.0487   PrimeSmallWindow          Medium   0.880466        5320.0    35805.05859   0.148582357    
  NGC2992           146.425211   -14.326382   0654910901     0.00771    0.0487   PrimeSmallWindow          Medium   0.906548        9530.0    38845.44922   0.2453311827   
  NGC2992           146.425211   -14.326382   0654911001     0.00771    0.0487   PrimeSmallWindow          Medium   0.991401        9295.0    42015.71875   0.2212267284   
  NGC2992           146.425211   -14.326382   0701780101     0.00771    0.0487   PrimeSmallWindow          Medium   0.909378        1063.0    9042.52832    0.1175556174   
  1ES1927+654       291.8313     65.56506     0671860201     0.017      0.0687   PrimeSmallWindow          Thin1    0.954421        3912.0    19747.93945   0.1980966171   
  1ES1927+654       291.8313     65.56506     0830191101     0.017      0.0687   PrimeSmallWindow          Thin1    0.921396        5159.0    31191.58008   0.1653971997   
  1ES1927+654       291.8313     65.56506     0831790301     0.017      0.0687   PrimeSmallWindow          Thin1    0.807515        15426.0   34661.07031   0.4450526155   
  1H0323+342        51.1715      34.17942     0764670101     0.061      0.127    PrimeLargeWindow          Medium   1.33333         4999.0    63958.25      0.07816036242  
  1H0323+342        51.1715      34.17942     0823780201     0.061      0.127    PrimeLargeWindow          Medium   1.33333         4360.0    45402.94922   0.09602900417  
  1H0323+342        51.1715      34.17942     0823780301     0.061      0.127    PrimeLargeWindow          Medium   1.33333         3916.0    41367.23047   0.09466430205  
  1H0323+342        51.1715      34.17942     0823780401     0.061      0.127    PrimeLargeWindow          Medium   1.33333         4296.0    41518.92188   0.1034708949   
  1H0323+342        51.1715      34.17942     0823780501     0.061      0.127    PrimeLargeWindow          Medium   1.33333         4373.0    42347.89062   0.103263703    
  1H0323+342        51.1715      34.17942     0823780601     0.061      0.127    PrimeLargeWindow          Medium   1.33333         4032.0    41997.33984   0.09600608074  
  1H0323+342        51.1715      34.17942     0823780701     0.061      0.127    PrimeLargeWindow          Medium   1.33333         4486.0    43223.37891   0.1037864256   
  1H0419-577        66.5029      -57.20027    0148000201     0.104      0.0126   PrimeLargeWindow          Medium   1.33333         871.0     11501.92969   0.07572642362  
  1H0419-577        66.5029      -57.20027    0148000401     0.104      0.0126   PrimeLargeWindow          Medium   1.33333         989.0     11003.61035   0.08987959119  
  1H0419-577        66.5029      -57.20027    0148000501     0.104      0.0126   PrimeLargeWindow          Medium   1.33333         763.0     5754.835938   0.1325841446   
  1H0419-577        66.5029      -57.20027    0148000601     0.104      0.0126   PrimeLargeWindow          Medium   1.33333         941.0     11258.41016   0.08358196112  
  1H0419-577        66.5029      -57.20027    0604720301     0.104      0.0126   PrimeSmallWindow          Thin1    0.945536        36105.0   71004.35938   0.5084899057   
  1H0419-577        66.5029      -57.20027    0604720401     0.104      0.0126   PrimeSmallWindow          Thin1    0.882755        5706.0    42295.62109   0.1349075827   
  FBQSJ1644+2619    251.1771     26.32028     0783230101     0.145      0.0514   PrimeLargeWindow          Thin1    1.33333         4662.0    45386.21094   0.1027184227   
  HE1353-1917       209.1528     -19.52916    0803510201     0.03502    0.0617   PrimeLargeWindow          Medium   1.33333         5144.0    54338.01172   0.09466669533  
  Mrk1044           37.52302     -8.998136    0695290101     0.01645    0.0326   PrimeSmallWindow          Thin1    0.890514        37001.0   85622.74219   0.4321398621   
  Mrk1044           37.52302     -8.998136    0824080301     0.01645    0.0326   PrimeSmallWindow          Medium   0.839562        19914.0   94915.15625   0.2098084309   
  Mrk1044           37.52302     -8.998136    0824080401     0.01645    0.0326   PrimeSmallWindow          Medium   0.855174        22978.0   96953.4375    0.2370003642   
  Mrk1044           37.52302     -8.998136    0824080501     0.01645    0.0326   PrimeSmallWindow          Medium   0.888883        24497.0   92879.29688   0.26375092     
  Mrk1044           37.52302     -8.998136    0841820201     0.01645    0.0326   PrimeSmallWindow          Medium   0.666667        10007.0   89610.71094   0.1116719184   
  Mrk110            141.30362    52.28625     0201130501     0.01645    0.013    PrimeSmallWindow          Thin1    0.958109        6011.0    32861.25      0.1829206132   
  Mrk478            220.53105    35.43969     0005010101     0.07906    0.0105   PrimeSmallWindow          Medium   0.843613        2637.0    17234.71094   0.1530051771   
  Mrk478            220.53105    35.43969     0005010201     0.07906    0.0105   PrimeSmallWindow          Medium   0.931602        4561.0    9954.642578   0.4581781781   
  Mrk478            220.53105    35.43969     0005010301     0.07906    0.0105   PrimeSmallWindow          Medium   0.941078        1646.0    18179.18945   0.09054309073  
  Mrk478            220.53105    35.43969     0107660201     0.07906    0.0105   PrimeLargeWindow          Thin1    1.33333         2251.0    14017.34961   0.160586706    
  Mrk478            220.53105    35.43969     0801510101     0.07906    0.0105   PrimeSmallWindow          Medium   0.87829         13193.0   93705.70312   0.1407918575   
  Mrk493            239.78985    35.02972     0112600801     0.03133    0.0211   PrimeLargeWindow          Medium   1.33333         1076.0    8482.764648   0.1268454383   
  Mrk493            239.78985    35.02972     0744290101     0.03133    0.0211   PrimeSmallWindow          Medium   0.867335        17059.0   62159.44141   0.2744394032   
  NGC5273           205.5345     35.65417     0112551701     0.00362    0.00916  PrimeFullWindowExtended   Medium   1.33333         539.0     9191.780273   0.05863934776  
  NGC5273           205.5345     35.65417     0805080401     0.00362    0.00916  PrimeFullWindow           Thin1    1.33333         6260.0    69817.35156   0.08966252457  
  NGC5273           205.5345     35.65417     0805080401_1   0.00362    0.00916  PrimeFullWindow           Thin1    1.33333         881.0     7558.030762   0.1165647545   
  NGC6814           295.6692     -10.3235     0550451801     0.00521    0.0878   PrimeFullWindow           Medium   1.33333         1163.0    9141.226562   0.1272258151   
  NGC6814           295.6692     -10.3235     0764620101     0.00521    0.0878   PrimeLargeWindow          Medium   1.33333         12180.0   102881.3984   0.1183887485   
  NGC1566           65.00166     -54.93777    0763500201     0.00502    0.00861  PrimeFullWindow           Thin1    1.33333         4930.0    55179.67188   0.08934449649  
  PG1448+273        222.78645    27.15736     0152660101     0.065      0.0278   PrimeLargeWindow          Medium   1.33333         1353.0    18139.98047   0.07458662937  
  PG1448+273        222.78645    27.15736     0781430101     0.065      0.0278   PrimeSmallWindow          Thin1    0.898981        9503.0    56565.64062   0.1679995116   
  PG1448+273        222.78645    27.15736     0781430101_1   0.065      0.0278   PrimeSmallWindow          Thin1    0.914949        2950.0    19701.61914   0.1497338863   
  PKSJ1220+0203     185.04945    2.06172      0802560101     0.24037    0.0178   PrimeLargeWindow          Thick    1.33333         4502.0    46455.64844   0.09690963643  
  Q2237+030         340.12635    3.358        0823730101     1.695      0.0506   PrimeFullWindow           Medium   1.33333         9353.0    107163.1016   0.08727817564  
  RBS229            25.07082     -0.83417     0744450301     0.3342     0.0273   PrimeLargeWindow          Thin1    1.33333         8547.0    87074.10938   0.09815776539  
  RXJ0439.6-5311    69.91125     -53.19194    0741390101     0.243      0.00745  PrimeSmallWindow          Medium   0.92447         2627.0    17858.71094   0.1470990829   
  RXJ0439.6-5311    69.91125     -53.19194    0764530101     0.243      0.00745  PrimeLargeWindow          Thick    1.33333         9151.0    122224.0      0.07487072915  
  RXSJ1131-1231     172.96455    -12.53305    0727960301     0.654      0.0342   PrimeSmallWindow          Thin1    0.927538        15797.0   59182.55078   0.2669198909   
  RXSJ1131-1231     172.96455    -12.53305    0820830101     0.654      0.0342   PrimeSmallWindow          Thin1    0.958721        22879.0   97684.75781   0.2342125887   
  TONS180           14.33419     -22.3823     0110890401     0.06198    0.0136   PrimeSmallWindow          Medium   0.844213        1498.0    20619.15039   0.07265090809  
  TONS180           14.33419     -22.3823     0110890701     0.06198    0.0136   PrimeSmallWindow          Medium   0.865468        1127.0    12621.2998    0.0892934973   
  TONS180           14.33419     -22.3823     0764170101     0.06198    0.0136   PrimeSmallWindow          Thin1    0.957329        24306.0   93139.82031   0.2609624962   
  TONS180           14.33419     -22.3823     0790990101     0.06198    0.0136   PrimeSmallWindow          Medium   0.934848        3700.0    21351.09961   0.1732931824   
  Ton28             151.01085    28.9265      0804560101     0.3272     0.0191   PrimeLargeWindow          Medium   1.33333         2254.0    21993.06055   0.1024868729   
  3C120             68.296231    5.354339     0109131101     0.03301    0.106    PrimeSmallWindow          Thin1    0.925926        4592.0    8272.611328   0.5550847027   
  3C120             68.296231    5.354339     0152840101     0.03301    0.106    PrimeSmallWindow          Medium   0.925926        18816.0   86970.34375   0.2163496106   
  3C120             68.296231    5.354339     0693781601     0.03301    0.106    PrimeSmallWindow          Medium   0.925926        6756.0    37641.82031   0.1794812244   
  3C120             68.296231    5.354339     0693781601_1   0.03301    0.106    PrimeSmallWindow          Medium   0.925926        19760.0   37066.08984   0.5331018212   
  3C120             68.296231    5.354339     0693782401     0.03301    0.106    PrimeSmallWindow          Medium   0.925926        5704.0    19953.46094   0.2858651949   
  3C390.3           280.537458   79.771424    0203720201     0.0561     0.0347   PrimeSmallWindow          Medium   0.925926        7949.0    36091.42969   0.2202461933   
  3C390.3           280.537458   79.771424    0203720301     0.0561     0.0347   PrimeSmallWindow          Medium   0.925926        3990.0    22525.74023   0.177130694    
  Ark120            79.047588    -0.149827    0147190101     0.03271    0.0978   PrimeSmallWindow          Thin1    0.925926        29524.0   75923.60156   0.3888645875   
  Ark120            79.047588    -0.149827    0693781501     0.03271    0.0978   PrimeSmallWindow          Medium   0.925926        18382.0   84757.92969   0.216876463    
  Ark120            79.047588    -0.149827    0721600201     0.03271    0.0978   PrimeSmallWindow          Thin1    0.925926        24281.0   86186.59375   0.28172595     
  Ark120            79.047588    -0.149827    0721600301     0.03271    0.0978   PrimeSmallWindow          Thin1    0.925926        14074.0   84668.53906   0.1662246704   
  Ark120            79.047588    -0.149827    0721600401     0.03271    0.0978   PrimeSmallWindow          Thin1    0.925926        25616.0   85354.11719   0.3001144039   
  Ark120            79.047588    -0.149827    0721600501     0.03271    0.0978   PrimeSmallWindow          Thin1    0.925926        30005.0   86922.97656   0.345190664    
  CTSA08.12         323.009023   -33.715025   0201130301     0.02997    0.0352   PrimeSmallWindow          Thin1    0.925926        5258.0    32159.05078   0.1634998507   
  ESO198-G24        39.581889    -52.192377   0067190101     0.0455     0.0293   PrimeFullWindow           Medium   1.33333         1383.0    16663.92969   0.08299362911  
  ESO198-G24        39.581889    -52.192377   0305370101     0.0455     0.0293   PrimeSmallWindow          Medium   0.925926        19160.0   84829.02344   0.2258660919   
  Fairall9          20.940736    -58.805784   0101040201     0.04702    0.0316   PrimeFullWindow           Medium   1.33333         1513.0    25794.78906   0.05865525771  
  Fairall9          20.940736    -58.805784   0605800401     0.04702    0.0316   PrimeSmallWindow          Medium   0.925926        20783.0   90589.34375   0.22941992     
  Fairall9          20.940736    -58.805784   0721110101     0.04702    0.0316   PrimeSmallWindow          Medium   0.925926        6719.0    28773.67969   0.2335120177   
  Fairall9          20.940736    -58.805784   0721110101_1   0.04702    0.0316   PrimeSmallWindow          Medium   0.925926        1414.0    13238.21973   0.1068119452   
  Fairall9          20.940736    -58.805784   0721110201     0.04702    0.0316   PrimeSmallWindow          Medium   0.925926        13750.0   32815.03906   0.4190151953   
  Fairall9          20.940736    -58.805784   0741330101     0.04702    0.0316   PrimeSmallWindow          Medium   0.925926        13435.0   82357.84375   0.1631295744   
  HE1029-1401       157.97625    -14.280833   0203770101     0.08582    0.0546   PrimeSmallWindow          Thin1    0.925926        12569.0   28869.99023   0.4353655785   
  IRASF12397+3333   190.544148   33.284055    0202180201     0.04351    0.0135   PrimeFullWindow           Thin1    1.33333         5576.0    54866.30078   0.1016288673   
  IRASF12397+3333   190.544148   33.284055    0202180301     0.04351    0.0135   PrimeFullWindow           Thin1    1.33333         1009.0    9068.951172   0.1112587311   
  Mrk279            208.264362   69.308213    0083960101     0.03045    0.0152   PrimeFullWindow           Medium   1.33333         1225.0    12889.67969   0.09503727243  
  Mrk279            208.264362   69.308213    0302480401     0.03045    0.0152   PrimeSmallWindow          Medium   0.925926        19294.0   40443.0       0.4770664886   
  Mrk279            208.264362   69.308213    0302480501     0.03045    0.0152   PrimeSmallWindow          Medium   0.925926        19144.0   37686.16016   0.5079848921   
  Mrk279            208.264362   69.308213    0302480601     0.03045    0.0152   PrimeSmallWindow          Medium   0.925926        8519.0    21756.11914   0.3915679973   
  Mrk509            311.040577   -10.723484   0130720101     0.0344     0.0425   PrimeSmallWindow          Thin1    0.925926        5986.0    20700.51953   0.2891714863   
  Mrk509            311.040577   -10.723484   0130720201     0.0344     0.0425   PrimeSmallWindow          Thin1    0.925926        20570.0   27200.28906   0.7562419632   
  Mrk509            311.040577   -10.723484   0306090201     0.0344     0.0425   PrimeSmallWindow          Thin1    0.925926        12218.0   59809.67188   0.2042813414   
  Mrk509            311.040577   -10.723484   0306090301     0.0344     0.0425   PrimeSmallWindow          Thin1    0.925926        6529.0    32432.16992   0.2013124628   
  Mrk509            311.040577   -10.723484   0306090401     0.0344     0.0425   PrimeSmallWindow          Thin1    0.925926        14984.0   48623.35938   0.3081646392   
  Mrk509            311.040577   -10.723484   0601390201     0.0344     0.0425   PrimeSmallWindow          Thin1    0.925926        9802.0    40025.19922   0.2448957205   
  Mrk509            311.040577   -10.723484   0601390301     0.0344     0.0425   PrimeSmallWindow          Thin1    0.925926        17755.0   44403.96094   0.3998517165   
  Mrk509            311.040577   -10.723484   0601390401     0.0344     0.0425   PrimeSmallWindow          Thin1    0.925926        11037.0   42373.69141   0.2604682206   
  Mrk509            311.040577   -10.723484   0601390501     0.0344     0.0425   PrimeSmallWindow          Thin1    0.925926        10896.0   42372.53125   0.2571477247   
  Mrk509            311.040577   -10.723484   0601390601     0.0344     0.0425   PrimeSmallWindow          Thin1    0.925926        11768.0   43702.98828   0.2692722046   
  Mrk509            311.040577   -10.723484   0601390701     0.0344     0.0425   PrimeSmallWindow          Thin1    0.925926        11782.0   43849.78906   0.268690004    
  Mrk509            311.040577   -10.723484   0601390801     0.0344     0.0425   PrimeSmallWindow          Thin1    0.925926        12527.0   42345.46094   0.2958286372   
  Mrk509            311.040577   -10.723484   0601390901     0.0344     0.0425   PrimeSmallWindow          Thin1    0.925926        10654.0   42348.44922   0.2515794603   
  Mrk509            311.040577   -10.723484   0601391001     0.0344     0.0425   PrimeSmallWindow          Thin1    0.925926        12407.0   45584.46875   0.2721760358   
  Mrk509            311.040577   -10.723484   0601391101     0.0344     0.0425   PrimeSmallWindow          Thin1    0.925926        10563.0   43701.76953   0.2417064598   
  Mrk590            33.639844    -0.766693    0201020201     0.02638    0.0265   PrimeSmallWindow          Thin1    0.925926        9158.0    42831.55859   0.2138143066   
  Mrk590            33.639844    -0.766693    0201020201_1   0.02638    0.0265   PrimeSmallWindow          Thin1    0.925926        12505.0   29372.33984   0.4257406821   
  MR2251-178        343.524167   -17.581944   0012940101     0.06398    0.0242   PrimeSmallWindow          Thin1    0.925926        22217.0   44244.14062   0.5021455878   
  MR2251-178        343.524167   -17.581944   0670120201     0.06398    0.0242   PrimeSmallWindow          Thin1    0.666667        10881.0   92194.14062   0.1180226848   
  MR2251-178        343.524167   -17.581944   0670120301     0.06398    0.0242   PrimeSmallWindow          Thin1    0.666667        7056.0    89021.6875    0.07926158443  
  MR2251-178        343.524167   -17.581944   0670120401     0.06398    0.0242   PrimeSmallWindow          Thin1    0.666667        9892.0    91105.95312   0.1085768785   
  MR2251-178        343.524167   -17.581944   0763920501     0.06398    0.0242   PrimeSmallWindow          Thin1    0.925926        5360.0    12540.91016   0.427401196    
  MR2251-178        343.524167   -17.581944   0763920601     0.06398    0.0242   PrimeSmallWindow          Thin1    0.925926        3663.0    16620.14062   0.2203952471   
  MR2251-178        343.524167   -17.581944   0763920701     0.06398    0.0242   PrimeSmallWindow          Thin1    0.925926        6929.0    19753.58008   0.3507718587   
  MR2251-178        343.524167   -17.581944   0763920801     0.06398    0.0242   PrimeSmallWindow          Thin1    0.925926        7364.0    21685.36914   0.3395837974   
  NGC7213           332.317958   -47.166611   0111810101     0.00584    0.0106   PrimeSmallWindow          Medium   0.748098        1777.0    29585.68945   0.06006282202  
  NGC7213           332.317958   -47.166611   0605800301     0.00584    0.0106   PrimeSmallWindow          Medium   0.925926        21108.0   87711.20312   0.2406534085   
  NGC985            38.657371    -8.787621    0150470601     0.04314    0.0317   PrimeSmallWindow          Thin1    0.925926        12574.0   31413.36914   0.4002754351   
  NGC985            38.657371    -8.787621    0690870101     0.04314    0.0317   PrimeFullWindow           Thin1    1.33333         1423.0    15875.09961   0.08963723284  
  NGC985            38.657371    -8.787621    0690870501     0.04314    0.0317   PrimeSmallWindow          Thin1    0.925926        8487.0    71607.65625   0.118520846    
  NGC985            38.657371    -8.787621    0743830501     0.04314    0.0317   PrimeSmallWindow          Thin1    0.925926        27385.0   93961.71875   0.2914484789   
  NGC985            38.657371    -8.787621    0743830601     0.04314    0.0317   PrimeSmallWindow          Thin1    0.925926        24044.0   82632.07812   0.2909765862   
  PICTORA           79.957171    -45.778828   0090050701     0.03506    0.0312   PrimeFullWindow           Thin1    1.33333         581.0     5860.041992   0.09914604721  
  PICTORA           79.957171    -45.778828   0206390101     0.03506    0.0312   PrimeFullWindow           Thin1    1.33333         3882.0    38611.30078   0.1005405133   
